-0.174239 0.967435
-0.19144 0.964178
-0.208571 0.960618
-0.225637 0.956753
-0.24263 0.952586
-0.259556 0.948114
-0.276391 0.943344
-0.293138 0.938275
-0.309791 0.932908
-0.32619 0.927302
-0.342643 0.921349
-0.358997 0.915101
-0.37561 0.909491
-0.391739 0.902661
-0.407743 0.895546
-0.423618 0.888146
-0.439368 0.880461
-0.454822 0.872579
-0.47028 0.864345
-0.485591 0.855838
-0.500747 0.847059
-0.515744 0.838012
-0.530438 0.82879
-0.545105 0.819217
-0.559608 0.809379
-0.574365 0.800206
-0.588525 0.78985
-0.60249 0.77925
-0.616134 0.768508
-0.629715 0.757419
-0.643097 0.746091
-0.65615 0.734638
-0.669122 0.722843
-0.682453 0.711656
-0.694893 0.699514
-0.707233 0.687035
-0.719235 0.67446
-0.731126 0.661552
-0.742675 0.64856
-0.754758 0.636011
-0.765846 0.622614
-0.776813 0.608876
-0.78742 0.595095
-0.797789 0.581121
-0.80791 0.566966
-0.818608 0.553195
-0.828233 0.538678
-0.837595 0.524002
-0.846703 0.509155
-0.855547 0.494149
-0.865 0.479474
-0.873314 0.464159
-0.881285 0.448841
-0.88906 0.433235
-0.897462 0.417926
-0.904622 0.402193
-0.911568 0.386192
-0.918234 0.370062
-0.924555 0.353974
-0.931531 0.338129
-0.937347 0.321654
-0.942817 0.305249
-0.948 0.288751
-0.953904 0.272269
-0.95851 0.255582
-0.962826 0.238809
-0.966847 0.221972
-0.971551 0.205274
-0.974987 0.188281
-0.978124 0.171239
-0.980963 0.154146
-0.984495 0.137133
-0.986738 0.119934
-0.988663 0.102866
-0.991304 0.0856852
-0.992636 0.0685437
-0.993681 0.0512125
-0.994424 0.033856
-0.99586 0.0166848
-0.996 -0.000525122
-0.995839 -0.0179045
-0.99638 -0.0351444
-0.995624 -0.0523556
-0.994571 -0.0695514
-0.993222 -0.0867163
-0.99257 -0.10397
-0.990625 -0.121105
-0.988384 -0.138204
-0.986837 -0.155417
-0.984004 -0.172446
-0.980877 -0.189423
-0.977458 -0.206343
-0.974761 -0.22325
-0.970758 -0.24006
-0.966511 -0.256624
-0.962895 -0.273559
-0.958074 -0.289993
-0.952923 -0.306495
-0.947539 -0.322754
-0.942823 -0.339248
-0.936881 -0.355329
-0.930668 -0.371297
-0.925035 -0.387709
-0.918271 -0.40347
-0.911233 -0.419122
-0.904007 -0.434488
-0.897339 -0.450331
-0.889503 -0.465618
-0.881412 -0.480759
-0.873062 -0.49576
-0.865405 -0.510978
-0.856536 -0.52571
-0.847514 -0.540135
-0.838988 -0.555099
-0.82947 -0.569223
-0.81961 -0.583331
-0.809617 -0.597123
-0.800187 -0.611351
-0.789616 -0.624944
-0.778923 -0.638222
-0.768007 -0.651317
-0.757622 -0.664885
-0.746258 -0.677616
-0.73468 -0.690152
-0.722891 -0.702491
-0.7116 -0.715337
-0.699387 -0.727281
-0.687108 -0.738893
-0.674501 -0.75042
-0.662356 -0.762486
-0.649353 -0.77359
-0.636297 -0.784364
-0.622927 -0.795023
-0.610127 -0.806143
-0.596392 -0.816356
-0.582627 -0.826237
-0.568556 -0.835982
-0.554474 -0.845387
-0.540762 -0.855406
-0.526204 -0.864438
-0.511651 -0.873131
-0.496946 -0.881583
-0.482111 -0.889783
-0.467593 -0.898625
-0.452313 -0.906412
-0.437067 -0.913861
-0.421691 -0.921057
-0.406205 -0.927991
-0.390595 -0.934668
-0.375255 -0.942008
-0.359586 -0.9481
-0.343646 -0.953993
-0.327619 -0.959615
-0.311491 -0.964971
-0.295284 -0.970053
-0.279261 -0.975827
-0.263044 -0.980323
-0.246588 -0.984591
-0.230052 -0.988585
-0.21363 -0.992264
-0.196971 -0.995704
-0.180266 -0.998864
-0.163681 -1.00172
-0.147014 -1.00531
-0.130327 -1.00761
-0.113432 -1.00965
-0.096677 -1.01139
-0.0797135 -1.01287
-0.0629099 -1.01405
-0.0459166 -1.01496
-0.0290829 -1.01558
-0.0120586 -1.01593
0.00478652 -1.01599
0.0216298 -1.01577
0.0386506 -1.01526
0.0554777 -1.01448
0.0724616 -1.01341
0.0893412 -1.01307
0.106124 -1.01145
0.123061 -1.00953
0.139781 -1.00735
0.156463 -1.00489
0.173272 -1.00213
0.189873 -0.999118
0.206581 -0.995798
0.223062 -0.992236
0.239482 -0.988401
0.256013 -0.984249
0.272296 -0.979869
0.288504 -0.97522
0.304798 -0.970251
0.320842 -0.965064
0.336798 -0.959613
0.352833 -0.953833
0.368598 -0.947852
0.383884 -0.940685
0.399596 -0.93412
0.415028 -0.927366
0.430502 -0.920285
0.445701 -0.913021
0.460777 -0.905506
0.475887 -0.897657
0.490705 -0.889643
0.505536 -0.8813
0.520078 -0.872797
0.534633 -0.863958
0.548883 -0.854976
0.563134 -0.845657
0.577077 -0.836204
0.59042 -0.825608
0.604027 -0.815706
0.617613 -0.805468
0.631017 -0.795011
0.644111 -0.78444
0.657167 -0.773535
0.670031 -0.762419
0.682715 -0.751083
0.694389 -0.738932
0.706668 -0.727198
0.718756 -0.715253
0.730635 -0.703114
0.742316 -0.69077
0.753781 -0.67824
0.764175 -0.664985
0.775206 -0.652093
0.786026 -0.639009
0.796618 -0.625754
0.807098 -0.612179
0.817244 -0.598566
0.826338 -0.584217
0.836013 -0.570286
0.845448 -0.556203
0.85465 -0.541956
0.863703 -0.52741
0.871553 -0.512363
0.880018 -0.497685
0.888317 -0.482715
0.896277 -0.467769
0.904068 -0.452529
0.910623 -0.436881
0.917889 -0.421402
0.924818 -0.405969
0.931558 -0.390255
0.937103 -0.374058
0.943301 -0.35814
0.949171 -0.34228
0.954829 -0.326162
0.959259 -0.309654
0.964364 -0.29337
0.969192 -0.277002
0.973743 -0.260555
0.977044 -0.24379
0.981031 -0.227215
0.984737 -0.210575
0.988196 -0.193695
0.990349 -0.176762
0.993199 -0.159972
0.99579 -0.142965
0.998067 -0.126087
0.999083 -0.108894
1.00078 -0.0919649
1.00221 -0.0748285
1.00234 -0.0577935
1.00318 -0.0406461
1.00373 -0.0234768
1.00398 -0.00631059
1.00294 0.0108533
1.00261 0.0278304
1.00199 0.0449745
1.00108 0.0621053
0.998856 0.0793133
0.997353 0.0963856
0.995559 0.113429
0.992482 0.130311
0.990108 0.147266
0.987416 0.164351
0.98446 0.181215
0.980202 0.198
0.976672 0.214735
0.972816 0.231579
0.967744 0.247935
0.963316 0.264619
0.958601 0.281222
0.953598 0.297743
0.947362 0.313861
0.941798 0.330182
0.935953 0.346405
0.928896 0.362161
0.9225 0.378157
0.915828 0.39404
0.908884 0.409804
0.900763 0.42502
0.893209 0.440675
0.885461 0.456042
0.876568 0.4708
0.868218 0.486026
0.859604 0.501105
0.850818 0.515882
0.840839 0.530119
0.831459 0.544713
0.821923 0.558998
0.811225 0.572681
0.801107 0.586751
0.790745 0.600643
0.780141 0.614352
0.768526 0.627241
0.757462 0.640558
0.746167 0.653681
0.734646 0.666603
0.722053 0.678764
0.710097 0.691262
0.697924 0.70355
0.685415 0.715743
0.67214 0.726862
0.659223 0.738597
0.646233 0.749989
0.632912 0.761264
0.619529 0.772194
0.60521 0.782203
0.591328 0.79275
0.577403 0.802949
0.56316 0.813002
0.548187 0.82197
0.533611 0.831507
0.518869 0.840785
0.503975 0.849796
0.488915 0.858549
0.473224 0.866157
0.457881 0.874365
0.442405 0.882296
0.426782 0.889958
0.410865 0.897418
0.394989 0.904518
0.378598 0.910417
0.36249 0.91695
0.346111 0.923257
0.329781 0.929215
0.31319 0.934937
0.296659 0.940313
0.279752 0.944438
0.262898 0.949268
0.24596 0.953797
0.229107 0.957985
0.21202 0.961911
0.195029 0.965499
0.177813 0.968818
0.160541 0.971829
0.143238 0.973519
0.125888 0.975914
0.108488 0.978001
0.0912394 0.979761
0.0737763 0.98123
0.0562996 0.982388
0.0388051 0.983235
0.0212983 0.98377
0.00395208 0.983992
-0.0135627 0.983907
-0.0310831 0.983509
-0.0485836 0.9828
-0.0660688 0.981779
-0.0834482 0.979452
-0.100878 0.97781
-0.118266 0.97586
-0.135451 0.973623
-0.152759 0.971058
-0.170019 0.968185
-0.187225 0.965006
-0.204381 0.961518
-0.221463 0.957728
-0.238475 0.953635
-0.255411 0.949239
-0.272266 0.944542
-0.289044 0.939544
-0.305721 0.93425
-0.322301 0.928661
-0.33878 0.922777
-0.354995 0.916661
-0.371254 0.910197
-0.387799 0.90436
-0.403835 0.897315
-0.419742 0.889985
-0.435516 0.882373
-0.451162 0.874477
-0.466499 0.866392
-0.481855 0.857947
-0.497049 0.849234
-0.512086 0.840253
-0.52696 0.831005
-0.541528 0.821586
-0.556066 0.811817
-0.570435 0.801785
-0.585068 0.792415
-0.599087 0.781869
-0.612909 0.771082
-0.626407 0.760158
-0.639838 0.748888
-0.65294 0.737492
-0.665964 0.725753
-0.679343 0.714625
-0.691956 0.70242
-0.704231 0.690112
-0.716403 0.677468
-0.728235 0.664733
-0.739834 0.651799
-0.751324 0.63852
-0.763231 0.625818
-0.774145 0.612265
-0.784818 0.598522
-0.795248 0.584594
-0.80543 0.570484
-0.816283 0.556621
-0.825969 0.542144
-0.835392 0.527507
-0.844475 0.512841
-0.853385 0.497874
-0.862897 0.48325
-0.871282 0.467963
-0.879396 0.45253
-0.887237 0.436957
-0.894727 0.421409
-0.902929 0.40598
-0.909945 0.389999
-0.916612 0.374062
-0.923064 0.357845
-0.930106 0.342029
-0.935933 0.325747
-0.94153 0.309197
-0.946782 0.292721
-0.952708 0.276425
-0.957433 0.259587
-0.961817 0.242841
-0.965908 0.226021
-0.970684 0.209334
-0.974189 0.192364
-0.977398 0.175336
-0.98031 0.158245
-0.983886 0.141434
-0.986206 0.124235
-0.988223 0.107008
-0.98994 0.0897479
-0.99234 0.0727022
-0.993458 0.0553656
-0.994266 0.0382013
-0.995782 0.0208573
-0.995993 0.00364808
-0.995905 -0.0137318
-0.995519 -0.0309382
-0.995835 -0.0481835
-0.994854 -0.0653836
-0.993575 -0.0825639
-0.992996 -0.0998099
-0.991124 -0.116953
-0.988955 -0.134061
-0.986491 -0.15113
-0.984718 -0.168321
-0.981662 -0.185311
-0.978314 -0.202246
-0.975688 -0.219164
-0.971755 -0.23599
-0.967578 -0.252572
-0.963069 -0.269253
-0.95928 -0.285977
-0.954196 -0.30251
-0.948883 -0.318781
-0.944236 -0.335294
-0.938361 -0.3514
-0.932149 -0.367562
-0.925728 -0.383447
-0.919949 -0.399628
-0.912981 -0.4153
-0.905747 -0.43085
-0.899138 -0.446729
-0.891446 -0.461887
-0.883418 -0.477062
-0.875127 -0.492107
-0.867447 -0.507504
-0.858731 -0.522116
-0.849678 -0.536723
-0.84047 -0.551031
-0.831746 -0.565893
-0.822047 -0.579892
-0.812112 -0.593726
-0.802638 -0.608129
-0.792228 -0.62163
-0.781591 -0.634953
-0.770729 -0.648093
-0.760402 -0.661705
-0.749091 -0.674483
-0.737565 -0.687068
-0.725828 -0.699456
-0.714591 -0.712349
-0.702429 -0.724344
-0.690065 -0.736132
-0.677504 -0.747709
-0.665545 -0.759704
-0.652588 -0.770862
-0.639445 -0.7818
-0.626252 -0.792406
-0.612748 -0.802895
-0.599807 -0.81385
-0.585944 -0.823888
-0.572054 -0.833592
-0.55786 -0.843157
-0.544197 -0.853225
-0.529821 -0.862226
-0.515148 -0.871072
-0.500487 -0.879578
-0.485675 -0.887842
-0.471201 -0.896738
-0.456107 -0.904509
-0.440893 -0.912021
-0.425546 -0.919282
-0.410089 -0.926281
-0.394508 -0.933023
-0.379199 -0.940428
-0.363385 -0.946651
-0.347478 -0.952604
-0.331464 -0.958294
-0.315367 -0.963711
-0.299172 -0.968861
-0.283068 -0.973688
-0.266973 -0.97926
-0.250534 -0.983594
-0.234192 -0.987613
-0.217608 -0.991399
-0.200972 -0.994905
-0.184449 -0.9981
-0.167696 -1.00105
-0.150906 -1.00372
-0.134376 -1.00707
-0.11748 -1.00919
-0.100732 -1.01099
-0.0837848 -1.01254
-0.066986 -1.01379
-0.0499864 -1.01477
-0.0331554 -1.01546
-0.0161325 -1.01587
0.000712178 -1.016
0.0175567 -1.01585
0.0345687 -1.01541
0.0513989 -1.0147
0.0683971 -1.0137
0.0852779 -1.01342
0.102068 -1.01187
0.119001 -1.01001
0.135731 -1.0079
0.152432 -1.00551
0.169252 -1.00282
0.185855 -0.999873
0.202406 -0.996655
0.219081 -0.993122
0.235517 -0.989354
0.251887 -0.985313
0.268355 -0.980956
0.284581 -0.976372
0.30073 -0.97152
0.316969 -0.966343
0.332947 -0.960955
0.348833 -0.955303
0.364794 -0.949323
0.380483 -0.943144
0.395837 -0.935719
0.411296 -0.929027
0.426642 -0.92208
0.442036 -0.914801
0.457142 -0.907346
0.472275 -0.899562
0.487124 -0.891609
0.501998 -0.88332
0.516574 -0.874876
0.531164 -0.866095
0.54545 -0.85717
0.55973 -0.847914
0.573711 -0.838518
0.587105 -0.827969
0.600751 -0.818122
0.61437 -0.807944
0.627824 -0.797535
0.640961 -0.787016
0.654053 -0.77617
0.666969 -0.7651
0.679562 -0.753937
0.691412 -0.741718
0.703746 -0.730026
0.715882 -0.718129
0.72769 -0.706161
0.739415 -0.693874
0.75094 -0.681385
0.761495 -0.668052
0.772585 -0.655196
0.78345 -0.642164
0.794102 -0.628944
0.804525 -0.615555
0.814729 -0.601985
0.823883 -0.587674
0.833714 -0.573642
0.84321 -0.559589
0.852465 -0.545388
0.861485 -0.531024
0.869492 -0.515854
0.87801 -0.501218
0.886287 -0.486433
0.894395 -0.471359
0.902164 -0.456313
0.90886 -0.440538
0.916115 -0.425245
0.923183 -0.409675
0.929986 -0.393987
0.935527 -0.377981
0.941792 -0.362089
0.947787 -0.346093
0.95351 -0.329998
0.95801 -0.313498
0.963129 -0.297399
0.968026 -0.281051
0.972643 -0.264632
0.976059 -0.247707
0.980112 -0.231147
0.983885 -0.214521
0.987376 -0.197834
0.9896 -0.180911
0.992548 -0.163963
0.995182 -0.147136
0.99753 -0.130268
0.998619 -0.113069
1.00039 -0.0961473
1.00189 -0.0790271
1.00309 -0.0618842
1.003 -0.044849
1.00362 -0.0276821
1.00394 -0.0105172
1.00298 0.00665474
1.00272 0.0238055
1.00216 0.0409518
1.00132 0.0580862
0.999179 0.0751286
0.997748 0.0922071
0.996025 0.109259
0.993019 0.126152
0.990691 0.143291
0.988095 0.160214
0.985211 0.17709
0.981023 0.193892
0.977563 0.210642
0.973778 0.227501
0.968775 0.243879
0.964416 0.260581
0.95977 0.277204
0.954837 0.293746
0.948669 0.309889
0.943173 0.326234
0.937455 0.342318
0.930405 0.358267
0.924076 0.374289
0.917471 0.3902
0.910592 0.405994
0.902536 0.421243
0.895046 0.43693
0.887364 0.452329
0.878533 0.467124
0.870247 0.482385
0.861782 0.497349
0.852971 0.512314
0.843052 0.526593
0.833828 0.54108
0.824257 0.55555
0.814436 0.569851
0.803558 0.58339
0.793253 0.597326
0.782708 0.611079
0.771924 0.624645
0.760139 0.63738
0.748899 0.650549
0.737431 0.66352
0.725008 0.675607
0.713106 0.688158
0.700866 0.70062
0.688531 0.712746
0.67586 0.724772
0.662439 0.735713
0.649368 0.747276
0.636228 0.758495
0.622759 0.769592
0.608617 0.779555
0.594781 0.790162
0.580761 0.800523
0.56656 0.810636
0.551768 0.819571
0.537235 0.82917
0.522538 0.838509
0.507675 0.847591
0.492654 0.856409
0.476996 0.864085
0.461698 0.872355
0.446089 0.880439
0.430507 0.888162
0.414783 0.895614
0.398929 0.902787
0.382564 0.908758
0.366328 0.915423
0.350133 0.921739
0.33383 0.927768
0.317263 0.933563
0.300756 0.939011
0.283707 0.943258
0.267034 0.948113
0.250116 0.952716
0.233282 0.956977
0.216212 0.960977
0.199073 0.964674
0.182036 0.968033
0.164777 0.97112
0.147481 0.972885
0.130142 0.975356
0.112761 0.977518
0.095334 0.979371
0.0780636 0.980899
0.0605823 0.982133
0.0430916 0.983056
0.0255873 0.983667
0.00807493 0.983967
-0.00927274 0.983956
-0.0267847 0.983635
-0.0442981 0.983002
-0.0617877 0.982058
-0.079177 0.979806
-0.0966041 0.978242
-0.114001 0.976367
-0.131371 0.974182
-0.148689 0.971689
-0.165796 0.968917
-0.183016 0.965813
-0.200177 0.962402
-0.217276 0.958687
-0.234314 0.954665
-0.251269 0.950343
-0.268145 0.945721
-0.284935 0.940798
-0.301645 0.935574
-0.318249 0.930057
-0.334753 0.924245
-0.351151 0.918141
-0.367446 0.911741
-0.383843 0.906047
-0.399918 0.899067
-0.415858 0.891806
-0.431665 0.884263
-0.447336 0.87644
-0.462873 0.868334
-0.478101 0.860044
-0.493341 0.851393
-0.508417 0.842477
-0.523332 0.833294
-0.538081 0.823848
-0.552521 0.814234
-0.566926 0.80427
-0.58175 0.794853
-0.595665 0.78448
-0.609541 0.773747
-0.623079 0.762888
-0.636566 0.75167
-0.649845 0.740221
-0.662793 0.72865
-0.675657 0.716737
-0.688886 0.70543
-0.701208 0.693183
-0.713442 0.680585
-0.725323 0.667909
-0.737103 0.654886
-0.748527 0.641797
-0.760495 0.629139
-0.771468 0.615635
-0.782304 0.601806
-0.792791 0.587921
-0.803033 0.573853
-0.813848 0.560174
-0.823592 0.545748
-0.833084 0.531144
-0.842319 0.516375
-0.851291 0.501445
-0.860864 0.486861
-0.869313 0.471609
-0.877415 0.45636
-0.885319 0.44083
-0.892953 0.425154
-0.901146 0.409922
-0.908232 0.393972
-0.915037 0.377899
-0.921491 0.361875
-0.928665 0.345923
-0.934559 0.329666
-0.940173 0.313299
-0.94555 0.296676
-0.951542 0.280414
-0.95629 0.263768
-0.960749 0.247032
-0.964913 0.23023
-0.96976 0.213573
-0.973341 0.19661
-0.976624 0.179596
-0.979609 0.162527
-0.983287 0.145546
-0.985677 0.128366
-0.987766 0.111147
-0.989539 0.0940631
-0.992027 0.0768594
-0.993218 0.0595279
-0.994098 0.0423569
-0.995685 0.0250294
-0.995969 0.00782121
-0.995956 -0.00938955
-0.99564 -0.0267665
-0.996028 -0.0440106
-0.995119 -0.0612146
-0.993913 -0.0784001
-0.99241 -0.0955625
-0.991605 -0.112799
-0.989508 -0.129917
-0.987115 -0.146995
-0.985414 -0.164194
-0.98243 -0.181197
-0.979153 -0.198145
-0.976598 -0.215074
-0.972736 -0.231916
-0.968628 -0.248515
-0.964189 -0.265216
-0.96047 -0.281955
-0.955455 -0.298509
-0.950211 -0.314803
-0.945633 -0.331335
-0.939766 -0.347625
-0.933681 -0.363653
-0.927326 -0.379565
-0.921616 -0.39577
-0.914713 -0.411471
-0.907544 -0.427051
-0.900105 -0.442516
-0.893296 -0.458299
-0.885409 -0.473356
-0.877181 -0.488436
-0.869566 -0.503865
-0.860912 -0.518513
-0.851914 -0.533167
-0.842673 -0.547656
-0.83411 -0.562402
-0.824469 -0.576443
-0.814492 -0.590456
-0.80438 -0.60416
-0.794826 -0.618305
-0.784131 -0.631813
-0.773322 -0.644998
-0.763049 -0.65865
-0.751789 -0.671474
-0.740314 -0.684105
-0.728627 -0.69654
-0.717448 -0.709471
-0.705335 -0.721515
-0.693144 -0.733234
-0.680631 -0.744864
-0.667924 -0.756279
-0.655674 -0.768239
-0.642715 -0.779114
-0.629433 -0.789882
-0.616107 -0.80032
-0.603066 -0.811438
-0.58939 -0.821426
-0.5754 -0.831286
-0.561387 -0.840812
-0.547073 -0.850196
-0.533283 -0.860089
-0.518794 -0.868906
-0.504168 -0.877473
-0.48924 -0.885883
-0.474325 -0.893957
-0.459739 -0.902668
-0.444546 -0.910246
-0.429238 -0.917564
-0.4138 -0.924629
-0.398255 -0.93143
-0.382967 -0.938899
-0.367188 -0.945182
-0.351295 -0.951203
-0.335305 -0.956957
-0.319393 -0.962385
-0.303229 -0.967599
-0.28697 -0.972545
-0.270907 -0.978179
-0.254476 -0.982582
-0.23815 -0.986666
-0.221591 -0.990516
-0.20496 -0.994091
-0.18845 -0.997352
-0.171719 -1.00037
-0.15511 -1.00308
-0.138414 -1.00653
-0.121707 -1.00868
-0.104796 -1.01058
-0.0880164 -1.01218
-0.071051 -1.01351
-0.0542378 -1.01455
-0.0372273 -1.01532
-0.0203888 -1.0158
-0.00337187 -1.01599
0.0134726 -1.01591
0.030497 -1.01554
0.0473293 -1.0149
0.0641491 -1.01397
0.0812031 -1.01375
0.0979993 -1.01227
0.114951 -1.01048
0.131688 -1.00844
0.148389 -1.00612
0.165229 -1.00349
0.181844 -1.00061
0.198408 -0.997458
0.215087 -0.993995
0.231537 -0.990293
0.247924 -0.986318
0.264419 -0.982024
0.280664 -0.977505
0.296832 -0.972718
0.313092 -0.967607
0.329091 -0.962283
0.344999 -0.956694
0.360975 -0.950782
0.376688 -0.944666
0.391913 -0.937369
0.407568 -0.930669
0.422941 -0.923784
0.438355 -0.91657
0.45349 -0.909177
0.468664 -0.901449
0.483545 -0.893555
0.498293 -0.885415
0.513061 -0.87694
0.52753 -0.868313
0.542 -0.859356
0.556173 -0.850252
0.570344 -0.840811
0.583772 -0.830322
0.597458 -0.82053
0.611125 -0.810402
0.624477 -0.800158
0.637792 -0.789587
0.650935 -0.778787
0.663757 -0.767888
0.676533 -0.756656
0.688433 -0.744484
0.700813 -0.732842
0.712867 -0.721122
0.724845 -0.709081
0.736627 -0.696834
0.748195 -0.684398
0.75956 -0.671763
0.769944 -0.658297
0.780869 -0.645301
0.791568 -0.632131
0.80205 -0.618776
0.812302 -0.605256
0.82152 -0.590973
0.831303 -0.57713
0.840858 -0.563118
0.850271 -0.548802
0.859344 -0.534483
0.867323 -0.519493
0.875993 -0.504735
0.884324 -0.489992
0.892412 -0.475103
0.900327 -0.459927
0.907006 -0.444342
0.914398 -0.428924
0.921528 -0.413383
0.928327 -0.39788
0.934004 -0.381729
0.940333 -0.365863
0.946329 -0.350061
0.952119 -0.333991
0.957637 -0.317824
0.961926 -0.301268
0.966889 -0.28494
0.971574 -0.268531
0.97598 -0.252044
0.979135 -0.235252
0.982977 -0.218642
0.986538 -0.201969
0.989847 -0.185071
0.991853 -0.16812
0.994557 -0.151305
0.997 -0.134267
0.998137 -0.117252
0.999996 -0.100168
1.00155 -0.0832242
1.00283 -0.0660765
1.00281 -0.0488708
1.00349 -0.031887
1.00389 -0.0147236
1.004 0.0024547
1.00281 0.0196051
1.00233 0.0367536
1.00155 0.0538914
0.999485 0.0709427
0.998126 0.0880269
0.996474 0.105086
0.994531 0.122113
0.991283 0.139139
0.988758 0.156073
0.985944 0.172961
0.981826 0.189781
0.978437 0.206545
0.974722 0.22342
0.970716 0.240228
0.965499 0.256539
0.960923 0.273182
0.956059 0.289744
0.949959 0.305913
0.944588 0.322115
0.938881 0.338388
0.932894 0.35456
0.9257 0.370254
0.919098 0.386353
0.912285 0.402176
0.904292 0.417459
0.896944 0.43302
0.88925 0.448609
0.881367 0.463906
0.872259 0.478736
0.863858 0.493735
0.855109 0.508737
0.845342 0.522909
0.836087 0.537583
0.826577 0.552092
0.816816 0.566434
0.806095 0.579878
0.795853 0.593858
0.785367 0.607658
0.774642 0.621272
0.762913 0.634057
0.751731 0.647275
0.740204 0.660425
0.728565 0.673243
0.715982 0.685164
0.703916 0.697556
0.69151 0.709855
0.679017 0.721815
0.665515 0.732932
0.652623 0.744435
0.639399 0.755823
0.626111 0.766867
0.611878 0.776999
0.598086 0.787664
0.584249 0.797981
0.570092 0.808156
0.555758 0.81808
0.540704 0.826912
0.526047 0.836312
0.511222 0.845456
0.496238 0.854337
0.4811 0.862953
0.465349 0.870413
0.449932 0.878482
0.434375 0.886277
0.418684 0.893797
0.402862 0.901039
0.386368 0.907147
0.370316 0.913817
0.354158 0.9202
0.337714 0.926361
0.32134 0.932168
0.304688 0.937743
0.287826 0.942009
0.271004 0.946986
0.254277 0.951613
0.23729 0.955991
0.220409 0.960023
0.203277 0.963796
0.186255 0.96723
0.169009 0.970392
0.151556 0.972259
0.134393 0.974779
0.117021 0.977017
0.0996129 0.978945
0.0821728 0.980563
0.0648736 0.981859
0.0473872 0.982858
0.0298759 0.983546
0.0123649 0.983922
-0.00514993 0.983987
-0.0224959 0.983743
-0.040002 0.983187
-0.0574954 0.982319
-0.0749044 0.980142
-0.0923381 0.978653
-0.109743 0.976855
-0.127112 0.974747
-0.144451 0.972329
-0.161735 0.969603
-0.178968 0.966571
-0.195979 0.963266
-0.213094 0.959625
-0.23014 0.95568
-0.247124 0.95143
-0.264019 0.946881
-0.280831 0.942031
-0.297553 0.936884
-0.314191 0.931436
-0.33072 0.925696
-0.347144 0.919663
-0.363459 0.913338
-0.380044 0.907647
-0.395986 0.900806
-0.411956 0.893615
-0.427806 0.886137
-0.44351 0.878382
-0.459074 0.870349
-0.474493 0.86204
-0.489616 0.853541
-0.504731 0.844691
-0.519694 0.835568
-0.534484 0.826186
-0.548966 0.816635
-0.563414 0.806735
-0.578271 0.797388
-0.592238 0.78707
-0.606154 0.776404
-0.619877 0.765492
-0.633276 0.754445
-0.646604 0.743054
-0.659602 0.731539
-0.672519 0.719683
-0.685797 0.708434
-0.698298 0.696115
-0.710461 0.683696
-0.722518 0.670943
-0.734234 0.658101
-0.745721 0.645055
-0.757745 0.632449
-0.768882 0.618862
-0.779672 0.605211
-0.79022 0.591372
-0.800517 0.577357
-0.810571 0.563155
-0.821204 0.549334
-0.830761 0.534771
-0.840059 0.520043
-0.849091 0.505161
-0.857865 0.490114
-0.867249 0.475395
-0.875495 0.460032
-0.883464 0.444535
-0.891091 0.429043
-0.899425 0.413685
-0.906574 0.397774
-0.91338 0.381885
-0.919967 0.365733
-0.926212 0.349616
-0.933173 0.333569
-0.938852 0.317236
-0.944244 0.300805
-0.9494 0.284112
-0.955176 0.267773
-0.959706 0.251055
-0.96394 0.234271
-0.967881 0.217416
-0.972509 0.200686
-0.975863 0.183686
-0.978919 0.16663
-0.982668 0.149665
-0.98513 0.132495
-0.987272 0.115453
-0.989137 0.0982084
-0.991697 0.0810053
-0.992948 0.0638676
-0.993912 0.0465218
-0.994567 0.029341
-0.995928 0.0119942
-0.995986 -0.00521645
-0.995744 -0.0225946
-0.996204 -0.0398369
-0.995367 -0.0570443
-0.994232 -0.074235
-0.992801 -0.0914035
-0.992068 -0.108653
-0.990043 -0.125769
-0.987723 -0.142858
-0.986094 -0.160064
-0.983181 -0.177078
-0.979974 -0.194041
-0.976513 -0.210769
-0.973699 -0.227839
-0.969658 -0.244465
-0.965292 -0.261173
-0.961643 -0.277928
-0.956697 -0.294503
-0.951521 -0.310818
-0.946009 -0.327214
-0.941215 -0.343685
-0.935197 -0.359738
-0.928909 -0.375676
-0.923266 -0.391905
-0.916429 -0.407635
-0.909321 -0.423254
-0.901951 -0.438741
-0.895208 -0.454552
-0.8873 -0.469802
-0.87922 -0.484756
-0.87167 -0.500217
-0.862984 -0.515057
-0.854141 -0.529593
-0.84496 -0.544121
-0.836459 -0.558903
-0.82678 -0.573124
-0.816959 -0.587038
-0.806904 -0.600785
-0.797299 -0.615113
-0.786771 -0.628522
-0.776018 -0.641752
-0.765042 -0.654797
-0.754596 -0.668318
-0.743174 -0.680997
-0.731539 -0.69348
-0.719694 -0.705766
-0.708345 -0.71856
-0.696078 -0.730449
-0.683613 -0.742128
-0.671087 -0.753474
-0.658887 -0.765485
-0.645834 -0.77653
-0.632729 -0.787244
-0.619319 -0.797837
-0.606323 -0.809008
-0.59268 -0.819055
-0.578878 -0.828867
-0.564763 -0.838549
-0.550631 -0.847896
-0.536728 -0.857944
-0.522282 -0.866813
-0.507682 -0.875444
-0.492948 -0.883825
-0.478066 -0.891962
-0.463355 -0.900817
-0.448202 -0.908451
-0.432914 -0.915835
-0.417505 -0.922962
-0.401987 -0.929825
-0.386347 -0.936432
-0.370975 -0.943702
-0.355107 -0.949787
-0.339311 -0.955544
-0.323259 -0.961093
-0.307107 -0.966375
-0.290877 -0.971384
-0.274828 -0.977085
-0.258591 -0.981507
-0.242115 -0.9857
-0.225562 -0.98962
-0.209123 -0.993223
-0.192458 -0.996587
-0.175729 -0.999672
-0.159131 -1.00245
-0.142459 -1.00596
-0.125751 -1.00819
-0.108847 -1.01015
-0.0920844 -1.01182
-0.0751143 -1.01322
-0.0583055 -1.01433
-0.0413083 -1.01516
-0.0244719 -1.01571
-0.00744617 -1.01597
0.00939901 -1.01596
0.0262416 -1.01566
0.0432493 -1.01508
0.0600727 -1.01422
0.0771376 -1.01407
0.0939396 -1.01265
0.110715 -1.01096
0.127643 -1.00896
0.144353 -1.0067
0.161023 -1.00417
0.17782 -1.00133
0.194397 -0.998248
0.21092 -0.994888
0.227564 -0.991213
0.243967 -0.987304
0.260302 -0.983124
0.276742 -0.978623
0.292928 -0.9739
0.309199 -0.968857
0.32522 -0.963598
0.341151 -0.958074
0.357159 -0.952222
0.372898 -0.946169
0.388151 -0.938933
0.403823 -0.9323
0.419224 -0.925477
0.434676 -0.918321
0.449841 -0.910988
0.464883 -0.903405
0.479958 -0.895487
0.494738 -0.887406
0.509532 -0.878995
0.524035 -0.870427
0.538549 -0.861522
0.552759 -0.852475
0.566959 -0.843097
0.580288 -0.832761
0.594163 -0.822919
0.607862 -0.812852
0.621255 -0.802662
0.63462 -0.792138
0.647666 -0.781507
0.660673 -0.770543
0.673486 -0.759369
0.685442 -0.747239
0.697736 -0.735772
0.709962 -0.723982
0.721995 -0.711982
0.73382 -0.699789
0.745444 -0.687393
0.756853 -0.674811
0.767299 -0.661379
0.778269 -0.648434
0.789026 -0.6353
0.799556 -0.621996
0.809868 -0.608508
0.819947 -0.594858
0.828982 -0.580459
0.838588 -0.566493
0.847964 -0.552359
0.857194 -0.537925
0.866083 -0.523492
0.87387 -0.508401
0.882352 -0.493534
0.890494 -0.478686
0.898392 -0.463695
0.905217 -0.447976
0.912593 -0.432751
0.919788 -0.41724
0.92672 -0.401609
0.933321 -0.386022
0.938791 -0.369799
0.944917 -0.353853
0.950772 -0.337806
0.956355 -0.321661
0.960655 -0.305295
0.965686 -0.288988
0.97044 -0.272599
0.974916 -0.256131
0.978141 -0.239352
0.982093 -0.222582
0.98572 -0.205924
0.989065 -0.189207
0.99114 -0.172274
0.993942 -0.155292
0.996428 -0.138443
0.99865 -0.121385
0.999567 -0.104357
1.00121 -0.08724
1.00254 -0.0702777
1.0026 -0.0530721
1.00336 -0.035921
1.00382 -0.0189297
1.004 -0.00175251
1.00288 0.0154044
1.00247 0.0325548
1.00177 0.0496956
0.999774 0.0667555
0.998486 0.0838452
0.996906 0.10091
0.995034 0.117946
0.991857 0.134986
0.989403 0.15193
0.98666 0.16883
0.982613 0.185666
0.979294 0.202445
0.97565 0.219335
0.971714 0.23616
0.966565 0.252492
0.962059 0.269155
0.957265 0.285737
0.951232 0.301931
0.945928 0.318157
0.94029 0.334452
0.934371 0.350649
0.927243 0.366373
0.920708 0.382499
0.913962 0.398351
0.906033 0.413667
0.898751 0.429259
0.891122 0.44488
0.883302 0.46021
0.87434 0.474925
0.865918 0.490113
0.857321 0.505
0.848377 0.519886
0.838331 0.534076
0.828978 0.548481
0.81928 0.562865
0.808518 0.576497
0.798333 0.59052
0.787905 0.604363
0.777238 0.618021
0.765562 0.630856
0.754435 0.644121
0.743079 0.657189
0.731496 0.670058
0.718846 0.682159
0.706832 0.694601
0.694601 0.706831
0.682034 0.718965
0.668707 0.730021
0.655735 0.741695
0.642691 0.753026
0.629317 0.764238
0.615262 0.774322
0.601517 0.785047
0.587586 0.795528
0.573472 0.805761
0.559322 0.815647
0.544307 0.824545
0.529689 0.834011
0.514903 0.843219
0.499958 0.852165
0.484866 0.860842
0.46914 0.868376
0.453758 0.876512
0.438235 0.884375
0.422425 0.892035
0.406634 0.899343
0.39032 0.905454
0.374306 0.91219
0.358002 0.918712
0.341759 0.924877
0.325401 0.930758
0.308783 0.936402
0.292227 0.9417
0.27514 0.945792
0.258424 0.950496
0.241465 0.954945
0.224593 0.959053
0.207487 0.962899
0.190306 0.966441
0.173248 0.969644
0.155952 0.972576
0.138476 0.974208
0.12128 0.976497
0.10388 0.978501
0.0864472 0.980195
0.068987 0.981579
0.051672 0.982642
0.0341737 0.983406
0.0166547 0.983859
-0.000859749 0.984
-0.0183739 0.983828
-0.0358821 0.983346
-0.053212 0.98256
-0.0706204 0.98046
-0.0880702 0.979047
-0.105482 0.977324
-0.122861 0.975292
-0.140201 0.97295
-0.157506 0.970299
-0.174752 0.967342
-0.191942 0.964078
-0.209071 0.960509
-0.226134 0.956636
-0.242963 0.952501
-0.259879 0.948025
-0.276721 0.943247
-0.293466 0.938172
-0.310118 0.9328
-0.326672 0.927132
-0.343131 0.921168
-0.359473 0.914914
-0.376083 0.909295
-0.392208 0.902457
-0.408056 0.895403
-0.423929 0.887998
-0.439676 0.880307
-0.455275 0.872342
-0.47073 0.8641
-0.486036 0.855585
-0.501043 0.846884
-0.516038 0.837831
-0.530877 0.828508
-0.545539 0.818928
-0.559891 0.809183
-0.574789 0.799902
-0.588935 0.789544
-0.602763 0.779039
-0.616533 0.768187
-0.630109 0.757092
-0.643358 0.745866
-0.656532 0.734297
-0.669375 0.722608
-0.682823 0.711301
-0.695256 0.699153
-0.707474 0.686787
-0.719586 0.674086
-0.731357 0.661296
-0.743012 0.648174
-0.755088 0.635618
-0.766176 0.622208
-0.777026 0.608604
-0.787629 0.594819
-0.798097 0.580698
-0.808204 0.566546
-0.818895 0.55277
-0.828513 0.538248
-0.837873 0.523558
-0.846967 0.508714
-0.855804 0.493704
-0.865168 0.479172
-0.873476 0.463854
-0.881518 0.448383
-0.889285 0.432773
-0.897608 0.417612
-0.904831 0.401723
-0.911772 0.385709
-0.918364 0.369741
-0.924739 0.353493
-0.931707 0.337644
-0.93746 0.321326
-0.942976 0.304759
-0.948153 0.288249
-0.954 0.271935
-0.958645 0.255074
-0.96295 0.238308
-0.966962 0.221469
-0.97166 0.204759
-0.975085 0.187774
-0.978213 0.17073
-0.981044 0.153626
-0.984543 0.136789
-0.98678 0.119589
-0.988716 0.102352
-0.991349 0.0851598
-0.992672 0.0680175
-0.993708 0.0506858
-0.994436 0.033508
-0.995869 0.016167
-0.995999 -0.00104327
-0.995833 -0.018253
-0.995363 -0.0356267
-0.995597 -0.0528733
-0.994535 -0.0700686
-0.993176 -0.0872427
-0.992514 -0.104496
-0.990561 -0.12163
-0.988312 -0.138718
-0.985768 -0.155774
-0.983914 -0.172957
-0.980779 -0.189933
-0.977387 -0.206676
-0.974645 -0.223757
-0.970633 -0.240565
-0.966375 -0.257136
-0.962752 -0.27406
-0.957923 -0.290492
-0.952815 -0.306829
-0.947371 -0.323247
-0.942643 -0.339747
-0.936696 -0.355816
-0.930475 -0.371781
-0.9249 -0.388033
-0.91813 -0.403791
-0.911087 -0.419441
-0.903781 -0.434958
-0.897101 -0.450806
-0.889261 -0.46608
-0.881162 -0.481217
-0.872889 -0.496066
-0.865134 -0.511437
-0.856263 -0.526155
-0.847233 -0.540575
-0.838694 -0.555544
-0.829169 -0.569663
-0.819406 -0.583618
-0.809307 -0.597544
-0.799869 -0.611767
-0.789398 -0.62522
-0.778591 -0.638627
-0.767668 -0.651716
-0.757277 -0.665279
-0.745906 -0.678004
-0.734321 -0.690534
-0.722525 -0.702867
-0.711227 -0.715707
-0.699133 -0.727526
-0.686716 -0.739257
-0.674103 -0.750777
-0.661952 -0.762837
-0.649082 -0.773817
-0.635889 -0.784695
-0.622514 -0.795347
-0.6097 -0.806466
-0.595959 -0.816672
-0.582197 -0.82654
-0.568263 -0.836181
-0.554026 -0.845681
-0.540318 -0.855687
-0.525901 -0.864622
-0.511188 -0.873402
-0.496488 -0.881841
-0.481639 -0.890038
-0.467125 -0.898868
-0.451996 -0.90657
-0.436748 -0.914013
-0.421368 -0.921205
-0.40588 -0.928133
-0.390268 -0.934805
-0.374926 -0.94214
-0.359083 -0.948291
-0.34315 -0.954172
-0.32711 -0.959789
-0.310989 -0.965133
-0.294771 -0.970209
-0.278919 -0.975925
-0.262534 -0.980459
-0.246065 -0.984722
-0.229706 -0.988666
-0.213114 -0.992375
-0.196453 -0.995807
-0.179916 -0.998927
-0.16315 -1.0018
-0.146492 -1.00538
-0.129803 -1.00767
-0.112897 -1.00971
-0.0961412 -1.01144
-0.079187 -1.01291
-0.0623828 -1.01408
-0.0453789 -1.01499
-0.0285449 -1.0156
-0.011703 -1.01593
0.00531459 -1.01599
0.0221582 -1.01576
0.0391783 -1.01524
0.056005 -1.01446
0.0729985 -1.01337
0.0898779 -1.01302
0.106661 -1.01139
0.123586 -1.00946
0.140305 -1.00728
0.156986 -1.00481
0.173803 -1.00204
0.190393 -0.999019
0.206929 -0.995725
0.223578 -0.99212
0.240006 -0.988274
0.256357 -0.984159
0.272806 -0.979728
0.289011 -0.97507
0.305137 -0.970144
0.321353 -0.964894
0.337306 -0.959434
0.353167 -0.95371
0.369091 -0.947661
0.384373 -0.940486
0.400081 -0.933912
0.41551 -0.92715
0.430824 -0.920134
0.446184 -0.912785
0.461256 -0.905262
0.476354 -0.897409
0.491167 -0.889388
0.506003 -0.881032
0.520541 -0.872521
0.535081 -0.86368
0.549327 -0.85469
0.563574 -0.845364
0.577512 -0.835904
0.590858 -0.825295
0.604459 -0.815386
0.618032 -0.805147
0.631439 -0.794676
0.644527 -0.784098
0.65757 -0.773193
0.670435 -0.762064
0.682978 -0.750844
0.694773 -0.738571
0.707053 -0.726823
0.719128 -0.714879
0.731007 -0.702726
0.742558 -0.69051
0.754019 -0.677976
0.76452 -0.664588
0.775545 -0.65169
0.786358 -0.638601
0.796943 -0.62534
0.807312 -0.611896
0.817447 -0.598289
0.826642 -0.583787
0.836309 -0.569851
0.845737 -0.555764
0.854932 -0.541512
0.863887 -0.527108
0.87182 -0.51191
0.880276 -0.497227
0.888568 -0.482253
0.896521 -0.467303
0.904303 -0.452058
0.91085 -0.436408
0.918108 -0.420925
0.925029 -0.405488
0.931761 -0.38977
0.937297 -0.37357
0.943426 -0.357809
0.949349 -0.341787
0.954999 -0.325666
0.959423 -0.309145
0.964519 -0.292859
0.969339 -0.276488
0.973881 -0.260038
0.977173 -0.243273
0.981152 -0.226695
0.984849 -0.210052
0.988264 -0.193349
0.990441 -0.176248
0.993283 -0.159455
0.99584 -0.142617
0.998133 -0.125568
0.999121 -0.108544
1.00083 -0.0914342
1.00225 -0.0743076
1.00237 -0.0572725
1.0032 -0.0401146
1.00374 -0.0229546
1.00398 -0.0059592
1.00294 0.0112034
1.0026 0.0283553
1.00197 0.045499
1.00104 0.0626295
0.998828 0.079662
0.99732 0.0967337
0.995499 0.113951
0.992414 0.13083
0.990031 0.147784
0.98733 0.164868
0.984365 0.18173
0.980133 0.198342
0.97656 0.215246
0.972695 0.232087
0.967615 0.248441
0.963178 0.265122
0.958453 0.281725
0.953494 0.298076
0.947253 0.314191
0.941683 0.330511
0.935832 0.346731
0.92877 0.362486
0.922368 0.378479
0.915622 0.394518
0.908669 0.41028
0.90054 0.425491
0.893055 0.440987
0.885222 0.456506
0.876322 0.471258
0.867964 0.486481
0.859429 0.501405
0.850547 0.516328
0.840653 0.530413
0.831268 0.545004
0.82163 0.559428
0.810925 0.573105
0.800799 0.587171
0.79043 0.601057
0.77982 0.61476
0.768197 0.627644
0.757127 0.640955
0.745825 0.654071
0.734297 0.666987
0.721816 0.679016
0.709734 0.691634
0.697556 0.703915
0.685165 0.715982
0.671759 0.727214
0.658965 0.738827
0.64584 0.750327
0.632646 0.761484
0.619125 0.772518
0.6048 0.78252
0.591052 0.792956
0.576982 0.803251
0.562734 0.813297
0.547756 0.822258
0.533178 0.831784
0.518432 0.841054
0.503677 0.849972
0.488615 0.85872
0.472774 0.866403
0.457427 0.874603
0.441937 0.882531
0.42631 0.890185
0.41056 0.897558
0.394673 0.904656
0.378125 0.910614
0.362013 0.917138
0.345788 0.923378
0.329298 0.929386
0.312863 0.935047
0.29617 0.940468
0.279261 0.944584
0.262404 0.949405
0.245626 0.953883
0.228609 0.958104
0.211683 0.961985
0.194527 0.9656
0.177474 0.96888
0.160201 0.971885
0.142722 0.973595
0.125371 0.975981
0.108145 0.978039
0.0907201 0.979809
0.0732661 0.981269
0.0557887 0.982417
0.038461 0.983248
0.020954 0.983777
0.00343056 0.983994
-0.0140841 0.983899
-0.0315945 0.983493
-0.0490947 0.982775
-0.0664124 0.981756
-0.083791 0.979422
-0.10122 0.977775
-0.118608 0.975818
-0.135958 0.973553
-0.153264 0.970978
