-3.7352 3.7798
-3.74119 3.77528
-3.74644 3.77007
-3.75171 3.76482
-3.75765 3.76031
-3.76291 3.75505
-3.76816 3.74978
-3.77408 3.74524
-3.77932 3.73995
-3.78388 3.73534
-3.78982 3.73074
-3.795 3.72547
-3.80021 3.72015
-3.80542 3.71483
-3.81129 3.71023
-3.81648 3.70489
-3.82167 3.69954
-3.82752 3.69492
-3.83269 3.68956
-3.83782 3.68423
-3.84369 3.67955
-3.84884 3.67416
-3.85395 3.66881
-3.8598 3.6641
-3.86493 3.65869
-3.87001 3.65331
-3.87519 3.64927
-3.8803 3.64385
-3.8854 3.63841
-3.89045 3.63301
-3.89626 3.62824
-3.9013 3.62282
-3.90637 3.61735
-3.91217 3.61256
-3.91718 3.60712
-3.92223 3.60163
-3.92801 3.59681
-3.933 3.59135
-3.93803 3.58584
-3.94375 3.58103
-3.94815 3.57618
-3.95312 3.57069
-3.95885 3.56582
-3.96384 3.56027
-3.96879 3.55476
-3.97376 3.5492
-3.97944 3.54434
-3.98439 3.53876
-3.98934 3.53318
-3.995 3.52829
-3.99994 3.5227
-4.00486 3.51709
-4.0099 3.51287
-4.01478 3.50729
-4.01969 3.50166
-4.02534 3.49669
-4.0302 3.49109
-4.03508 3.48544
-4.03992 3.47983
-4.04555 3.47482
-4.05041 3.46916
-4.05523 3.46352
-4.06025 3.45918
-4.06505 3.45353
-4.06988 3.44784
-4.07544 3.44283
-4.08025 3.43712
-4.08506 3.4314
-4.08983 3.42572
-4.09539 3.42063
-4.10017 3.41489
-4.10491 3.40919
-4.10984 3.40482
-4.1146 3.39906
-4.11936 3.3933
-4.12484 3.3882
-4.12958 3.38243
-4.13428 3.37668
-4.139 3.37089
-4.14449 3.36572
-4.14917 3.35996
-4.1533 3.35485
-4.15874 3.3497
-4.16342 3.34388
-4.16807 3.33809
-4.17352 3.33287
-4.17818 3.32703
-4.1828 3.32122
-4.18744 3.31536
-4.19227 3.31087
-4.1969 3.30499
-4.20149 3.29916
-4.20689 3.29389
-4.2115 3.288
-4.21607 3.28214
-4.22066 3.27623
-4.226 3.27097
-4.23002 3.26577
-4.23455 3.25989
-4.23991 3.25457
-4.24446 3.24863
-4.24897 3.24273
-4.2543 3.23738
-4.2588 3.23146
-4.26332 3.2255
-4.26725 3.22029
-4.27255 3.21492
-4.27702 3.20898
-4.28151 3.20299
-4.28679 3.19759
-4.29123 3.19162
-4.29569 3.18561
-4.29958 3.18037
-4.30483 3.17494
-4.30924 3.16896
-4.31367 3.16292
-4.3189 3.15747
-4.32329 3.15146
-4.32769 3.14541
-4.33153 3.14012
-4.33673 3.13464
-4.34108 3.12861
-4.34546 3.12253
-4.35064 3.11702
-4.35497 3.11097
-4.35932 3.10487
-4.3631 3.09955
-4.36825 3.09402
-4.37255 3.08795
-4.37687 3.08182
-4.382 3.07627
-4.38627 3.07017
-4.39001 3.06482
-4.3943 3.05867
-4.3994 3.05308
-4.40364 3.04697
-4.4079 3.0408
-4.41295 3.03523
-4.41668 3.0298
-4.42088 3.02366
-4.42511 3.01747
-4.43013 3.01188
-4.43434 3.00567
-4.43854 2.99946
-4.4422 2.99404
-4.44722 2.98838
-4.45137 2.9822
-4.45554 2.97596
-4.4605 2.97032
-4.46466 2.96407
-4.46827 2.95862
-4.47241 2.95236
-4.47734 2.94669
-4.48146 2.94042
-4.48558 2.93415
-4.49049 2.92846
-4.49409 2.92293
-4.49814 2.91668
-4.50222 2.91038
-4.5071 2.90466
-4.51117 2.89835
-4.51522 2.89203
-4.51874 2.88652
-4.5236 2.88077
-4.52763 2.87444
-4.53164 2.86809
-4.53647 2.86233
-4.53999 2.85674
-4.54396 2.85043
-4.54794 2.84407
-4.55274 2.83827
-4.55671 2.83189
-4.56016 2.82633
-4.56411 2.81995
-4.56888 2.81412
-4.57282 2.80772
-4.57674 2.80132
-4.58016 2.79573
-4.58489 2.78989
-4.58879 2.78346
-4.59269 2.77704
-4.5974 2.77117
-4.60127 2.76473
-4.60464 2.75911
-4.6085 2.75266
-4.61318 2.74677
-4.61702 2.7403
-4.62085 2.73384
-4.62419 2.7282
-4.62884 2.72227
-4.63264 2.71579
-4.63644 2.7093
-4.63974 2.70364
-4.64439 2.69765
-4.64813 2.69119
-4.6519 2.68468
-4.65649 2.67871
-4.65978 2.67298
-4.66349 2.6665
-4.66722 2.65997
-4.67178 2.65397
-4.67549 2.64743
-4.67872 2.64173
-4.68241 2.63517
-4.68697 2.6291
-4.69062 2.62259
-4.69429 2.61602
-4.69748 2.61029
-4.702 2.60419
-4.70562 2.59765
-4.70925 2.59106
-4.71241 2.58532
-4.7169 2.5792
-4.72048 2.57264
-4.72407 2.56603
-4.72766 2.55941
-4.73166 2.55412
-4.73521 2.54754
-4.73877 2.5409
-4.74232 2.53427
-4.74629 2.52895
-4.7498 2.52235
-4.75333 2.5157
-4.75685 2.50904
-4.76122 2.50289
-4.76427 2.49708
-4.76776 2.49041
-4.77124 2.48373
-4.77557 2.47756
-4.77859 2.47173
-4.78205 2.46504
-4.7855 2.45834
-4.7898 2.45214
-4.79281 2.44625
-4.79621 2.43958
-4.79962 2.43287
-4.80389 2.42664
-4.80687 2.42073
-4.81023 2.41405
-4.8136 2.40731
-4.81784 2.40107
-4.8212 2.39432
-4.82411 2.38843
-4.82745 2.38168
-4.83168 2.37536
-4.83498 2.36864
-4.83786 2.36274
-4.84117 2.35597
-4.84536 2.34962
-4.84862 2.34288
-4.85147 2.33697
-4.85474 2.33017
-4.8589 2.32381
-4.86213 2.31705
-4.86495 2.31112
-4.86818 2.3043
-4.87231 2.29791
-4.8755 2.29114
-4.87829 2.28519
-4.88148 2.27835
-4.88557 2.27194
-4.88873 2.26515
-4.89151 2.25913
-4.89464 2.25233
-4.89779 2.24548
-4.90182 2.23908
-4.90457 2.23305
-4.90767 2.22623
-4.91078 2.21936
-4.9144 2.21378
-4.91749 2.20689
-4.92055 2.20006
-4.92363 2.19317
-4.92721 2.18756
-4.93027 2.18066
-4.9333 2.17381
-4.93634 2.1669
-4.93898 2.16087
-4.94292 2.15436
-4.9459 2.14748
-4.94891 2.14056
-4.95151 2.13452
-4.95542 2.12798
-4.95837 2.12109
-4.96097 2.11499
-4.96391 2.10809
-4.96778 2.10153
-4.97069 2.09462
-4.97327 2.08851
-4.97616 2.08159
-4.97907 2.07462
-4.98288 2.06808
-4.98542 2.06195
-4.98828 2.05502
-4.99115 2.04804
-4.99457 2.04232
-4.99742 2.03533
-5.00025 2.02838
-5.00308 2.02138
-5.00647 2.01565
-5.00929 2.00863
-5.01208 2.00167
-5.01488 1.99465
-5.0173 1.98853
-5.02101 1.98187
-5.02376 1.97489
-5.02619 1.96871
-5.02892 1.96172
-5.03166 1.95468
-5.03533 1.948
-5.0377 1.94185
-5.04039 1.93485
-5.0431 1.92779
-5.04638 1.92199
-5.04907 1.91492
-5.05172 1.9079
-5.05407 1.90169
-5.0567 1.89466
-5.06029 1.88793
-5.06291 1.88089
-5.06522 1.87466
-5.06782 1.86762
-5.07137 1.86087
-5.07363 1.85468
-5.07623 1.84758
-5.07879 1.84052
-5.08136 1.83341
-5.08453 1.82754
-5.08709 1.82042
-5.08961 1.81335
-5.09182 1.80714
-5.09435 1.80001
-5.09781 1.79321
-5.09999 1.78699
-5.10249 1.77985
-5.10495 1.77275
-5.10743 1.7656
-5.11053 1.7597
-5.11299 1.75254
-5.11542 1.74543
-5.11754 1.73919
-5.12092 1.73234
-5.12334 1.72517
-5.12544 1.71892
-5.12783 1.71179
-5.13022 1.70461
-5.13324 1.69867
-5.13562 1.69148
-5.13796 1.68434
-5.14031 1.67714
-5.14236 1.67087
-5.14564 1.66398
-5.14797 1.65677
-5.14998 1.65049
-5.15227 1.64333
-5.15457 1.63612
-5.15751 1.63013
-5.15979 1.62291
-5.16204 1.61573
-5.16403 1.60938
-5.16626 1.6022
-5.16945 1.59526
-5.17139 1.58896
-5.17361 1.58171
-5.17581 1.57452
-5.17801 1.56727
-5.18087 1.56124
-5.18305 1.55399
-5.18521 1.54678
-5.18709 1.54046
-5.18924 1.53319
-5.19234 1.52621
-5.1942 1.51987
-5.19632 1.5126
-5.19842 1.50537
-5.20025 1.49903
-5.20331 1.49203
-5.20539 1.48474
-5.2072 1.47839
-5.20925 1.47115
-5.21131 1.46385
-5.21309 1.45749
-5.21609 1.45046
-5.2181 1.44321
-5.21987 1.43679
-5.22186 1.42953
-5.22386 1.42222
-5.22655 1.41611
-5.22853 1.40879
-5.23048 1.40152
-5.23219 1.39514
-5.23414 1.38781
-5.23704 1.38074
-5.23872 1.37435
-5.24064 1.36701
-5.24254 1.35973
-5.24419 1.35333
-5.24608 1.34599
-5.24893 1.33889
-5.25056 1.33248
-5.25241 1.32518
-5.25426 1.31783
-5.25586 1.31142
-5.25866 1.3043
-5.26047 1.29699
-5.26206 1.29052
-5.26385 1.2832
-5.26564 1.27583
-5.26719 1.26941
-5.26994 1.26226
-5.27169 1.25494
-5.27322 1.24851
-5.27496 1.24112
-5.27669 1.23374
-5.27917 1.22752
-5.28087 1.22018
-5.28257 1.21279
-5.28405 1.20634
-5.28573 1.19895
-5.28719 1.1925
-5.28983 1.18531
-5.29147 1.17796
-5.29292 1.17145
-5.29454 1.16409
-5.29616 1.15668
-5.29757 1.15021
-5.30015 1.14301
-5.30174 1.13564
-5.30312 1.12917
-5.30469 1.12175
-5.30626 1.11432
-5.30761 1.10784
-5.31013 1.10067
-5.31166 1.09323
-5.31299 1.08675
-5.31451 1.07931
-5.31582 1.07283
-5.31732 1.06538
-5.31978 1.05819
-5.32106 1.0517
-5.32253 1.04424
-5.32399 1.03679
-5.32525 1.0303
-5.32667 1.02289
-5.32908 1.01562
-5.33032 1.00912
-5.33173 1.00166
-5.33312 0.994192
-5.33433 0.987684
-5.3357 0.980269
-5.33789 0.973885
-5.33923 0.966464
-5.34058 0.958987
-5.34175 0.952471
-5.34308 0.944992
-5.34439 0.937564
-5.34651 0.931215
-5.34781 0.923729
-5.3491 0.916241
-5.35021 0.909714
-5.35147 0.902277
-5.35258 0.895694
-5.3548 0.888417
-5.35604 0.880919
-5.35711 0.874384
-5.35833 0.866883
-5.35953 0.859435
-5.36057 0.852895
-5.36176 0.84539
-5.36393 0.838037
-5.36495 0.831492
-5.3661 0.824034
-5.36711 0.817433
-5.36824 0.809972
-5.36937 0.802455
-5.37133 0.79605
-5.37244 0.78853
-5.37353 0.781061
-5.37449 0.774451
-5.37556 0.76698
-5.37649 0.760421
-5.37755 0.752894
-5.37959 0.745502
-5.3805 0.738938
-5.38152 0.731459
-5.38254 0.723924
-5.38342 0.717357
-5.38441 0.709819
-5.38528 0.70325
-5.38725 0.695838
-5.38821 0.688349
-5.38905 0.681775
-5.38999 0.67423
-5.39081 0.667653
-5.39174 0.660106
-5.39265 0.652611
-5.39445 0.646096
-5.39534 0.638596
-5.39623 0.631042
-5.39699 0.624458
-5.39786 0.616902
-5.39861 0.610316
-5.39945 0.602811
-5.40129 0.595361
-5.40201 0.588771
-5.40283 0.581208
-5.40364 0.573643
-5.40433 0.567051
-5.40512 0.559538
-5.40579 0.552943
-5.40656 0.545375
-5.40832 0.537904
-5.40897 0.531306
-5.40971 0.523733
-5.41034 0.517132
-5.41106 0.509612
-5.41176 0.502036
-5.41237 0.495433
-5.41406 0.487945
-5.41465 0.481338
-5.41532 0.473757
-5.41597 0.46623
-5.41653 0.459622
-5.41717 0.452038
-5.4178 0.444454
-5.41834 0.437844
-5.41994 0.430391
-5.42046 0.423724
-5.42105 0.41619
-5.42162 0.4086
-5.42212 0.401985
-5.42268 0.394394
-5.42315 0.387778
-5.42369 0.38024
-5.42521 0.372715
-5.42566 0.366096
-5.42617 0.358499
-5.4266 0.351879
-5.42709 0.344282
-5.42756 0.336738
-5.42797 0.330116
-5.42843 0.322515
-5.42982 0.315951
-5.43025 0.308349
-5.43068 0.300746
-5.43104 0.29412
-5.43145 0.286571
-5.43179 0.279945
-5.43218 0.27234
-5.43255 0.264735
-5.43287 0.258107
-5.43423 0.250546
-5.43453 0.243917
-5.43486 0.236362
-5.43519 0.228753
-5.43546 0.222122
-5.43577 0.214513
-5.43603 0.207881
-5.43631 0.20027
-5.43758 0.192749
-5.43782 0.186115
-5.43807 0.178502
-5.43828 0.171868
-5.43852 0.164254
-5.43874 0.156693
-5.43893 0.150003
-5.43914 0.142443
-5.4393 0.135807
-5.44049 0.128216
-5.44066 0.120599
-5.44081 0.113961
-5.44096 0.106399
-5.44109 0.0997061
-5.44122 0.092143
-5.44133 0.0855047
-5.44144 0.0778868
-5.44155 0.0702688
-5.44163 0.0636301
-5.44271 0.0560766
-5.44278 0.049382
-5.44284 0.0418166
-5.44289 0.0341966
-5.44293 0.0275563
-5.44296 0.0199362
-5.44298 0.0132959
-5.443 0.00573022
-5.443 -0.00189124
-5.44299 -0.00853163
-5.44398 -0.0161547
-5.44395 -0.0227963
-5.44391 -0.0304178
-5.44387 -0.0370593
-5.44382 -0.0446806
-5.44375 -0.0522474
-5.44368 -0.0588886
-5.44359 -0.0665097
-5.44351 -0.0731508
-5.4434 -0.0807716
-5.44428 -0.088354
-5.44417 -0.0950504
-5.44403 -0.102618
-5.4439 -0.109259
-5.44375 -0.11688
-5.44358 -0.124502
-5.44342 -0.131143
-5.44323 -0.138709
-5.44306 -0.145404
-5.44285 -0.152969
-5.44266 -0.159609
-5.44343 -0.167261
-5.44319 -0.174882
-5.44297 -0.181522
-5.44272 -0.189088
-5.44248 -0.195782
-5.4422 -0.203347
-5.44195 -0.209986
-5.44165 -0.217604
-5.44134 -0.225223
-5.44106 -0.231861
-5.44073 -0.239423
-5.44143 -0.246161
-5.44109 -0.253724
-5.44073 -0.261341
-5.4404 -0.267978
-5.44002 -0.275595
-5.43968 -0.282231
-5.43929 -0.289792
-5.43893 -0.296482
-5.43851 -0.304042
-5.43808 -0.311655
-5.43769 -0.31829
-5.43724 -0.325902
-5.43684 -0.332536
-5.43737 -0.340156
-5.43695 -0.346843
-5.43646 -0.3544
-5.43596 -0.362011
-5.43551 -0.368643
-5.43499 -0.376252
-5.43453 -0.382882
-5.43399 -0.39049
-5.43344 -0.398043
-5.43295 -0.404671
-5.43238 -0.412277
-5.43187 -0.418904
-5.43128 -0.426508
-5.43175 -0.433214
-5.43114 -0.440818
-5.43052 -0.448366
-5.42997 -0.454991
-5.42933 -0.462593
-5.42876 -0.469216
-5.4281 -0.476816
-5.42751 -0.483438
-5.42683 -0.491036
-5.42614 -0.49858
-5.42553 -0.505199
-5.42482 -0.512794
-5.42419 -0.519412
-5.42346 -0.527005
-5.42281 -0.533622
-5.42305 -0.541312
-5.42229 -0.54885
-5.42162 -0.555464
-5.42084 -0.563054
-5.42015 -0.569667
-5.41934 -0.577255
-5.41863 -0.583866
-5.41781 -0.591451
-5.41698 -0.598981
-5.41625 -0.60559
-5.4154 -0.613172
-5.41464 -0.619778
-5.41377 -0.627358
-5.413 -0.633962
-5.41211 -0.64154
-5.41121 -0.649063
-5.41141 -0.655784
-5.41049 -0.66336
-5.40967 -0.66996
-5.40873 -0.677533
-5.4079 -0.684131
-5.40694 -0.691701
-5.40609 -0.698297
-5.40511 -0.705811
-5.40412 -0.713377
-5.40324 -0.71997
-5.40223 -0.727533
-5.40134 -0.734124
-5.40031 -0.741685
-5.3994 -0.748272
-5.39835 -0.755777
-5.39729 -0.763334
-5.39635 -0.769918
-5.39527 -0.777472
-5.39432 -0.784053
-5.3942 -0.79175
-5.39323 -0.79833
-5.39212 -0.805827
-5.39099 -0.813375
-5.38999 -0.819952
-5.38884 -0.827497
-5.38782 -0.83407
-5.38665 -0.841613
-5.38562 -0.848184
-5.38443 -0.855723
-5.38338 -0.862291
-5.38217 -0.869773
-5.38095 -0.877307
-5.37988 -0.883871
-5.37863 -0.891402
-5.37754 -0.897963
-5.37628 -0.905491
-5.37517 -0.912049
-5.3739 -0.91952
-5.37261 -0.927042
-5.37147 -0.933596
-5.37016 -0.941115
-5.36901 -0.947666
-5.36866 -0.955357
-5.36749 -0.961906
-5.36615 -0.969367
-5.36479 -0.976878
-5.36359 -0.983423
-5.36221 -0.990931
-5.36099 -0.997472
-5.35959 -1.00498
-5.35836 -1.01151
-5.35695 -1.01896
-5.35569 -1.02555
-5.35426 -1.03299
-5.35281 -1.04049
-5.35154 -1.04702
-5.35007 -1.05451
-5.34878 -1.06103
-5.3473 -1.06847
-5.34598 -1.07504
-5.34448 -1.08247
-5.34315 -1.08899
-5.34162 -1.09647
-5.34008 -1.10395
-5.33873 -1.11046
-5.33719 -1.11788
-5.33581 -1.12445
-5.33424 -1.13186
-5.33285 -1.13837
-5.33125 -1.14584
-5.32964 -1.1533
-5.32823 -1.1598
-5.32662 -1.16721
-5.32518 -1.17376
-5.32354 -1.18116
-5.3221 -1.18765
-5.3214 -1.19532
-5.31994 -1.20181
-5.31825 -1.20926
-5.31657 -1.21665
-5.31507 -1.22319
-5.31336 -1.23057
-5.31186 -1.23705
-5.31012 -1.24449
-5.3086 -1.25097
-5.30684 -1.2584
-5.3053 -1.26487
-5.30352 -1.2723
-5.30175 -1.27967
-5.30019 -1.28614
-5.29838 -1.29356
-5.2968 -1.30002
-5.29497 -1.30743
-5.29337 -1.31389
-5.29153 -1.3213
-5.28969 -1.32865
-5.28805 -1.33516
-5.28619 -1.34251
-5.28455 -1.34896
-5.28265 -1.35635
-5.28099 -1.3628
-5.27908 -1.37019
-5.27741 -1.37663
-5.27547 -1.38402
-5.27354 -1.39135
-5.27184 -1.39778
-5.26988 -1.40516
-5.26816 -1.41159
-5.26618 -1.41896
-5.26445 -1.42539
-5.26245 -1.43275
-5.26069 -1.43917
-5.25869 -1.44649
-5.25666 -1.45385
-5.25488 -1.46026
-5.25283 -1.46761
-5.25104 -1.47402
-5.24897 -1.48137
-5.24716 -1.48777
-5.24508 -1.49507
-5.24298 -1.50241
-5.24115 -1.5088
-5.23903 -1.51614
-5.23718 -1.52253
-5.23504 -1.52986
-5.23317 -1.53624
-5.23103 -1.54352
-5.22913 -1.54995
-5.22697 -1.55722
-5.22478 -1.56453
-5.22287 -1.57091
-5.22067 -1.57822
-5.21874 -1.58458
-5.21653 -1.59184
-5.21457 -1.59825
-5.21234 -1.6055
-5.21038 -1.61186
-5.20812 -1.61915
-5.20584 -1.62644
-5.20386 -1.63279
-5.20158 -1.64002
-5.19956 -1.64642
-5.19727 -1.65364
-5.19524 -1.65998
-5.19292 -1.66726
-5.19088 -1.67359
-5.18853 -1.68086
-5.18619 -1.68807
-5.18411 -1.69444
-5.18175 -1.70165
-5.17967 -1.70797
-5.17727 -1.71522
-5.17518 -1.72153
-5.17276 -1.72878
-5.17035 -1.73596
-5.16821 -1.74232
-5.16579 -1.7495
-5.16365 -1.75581
-5.16118 -1.76303
-5.15903 -1.76933
-5.15655 -1.77655
-5.15438 -1.78284
-5.15188 -1.79005
-5.14844 -1.79688
-5.14624 -1.80316
-5.14371 -1.81037
-5.1415 -1.81664
-5.13895 -1.82384
-5.13672 -1.83011
-5.13416 -1.83729
-5.13191 -1.84356
-5.12932 -1.85074
-5.12675 -1.85787
-5.12448 -1.86412
-5.12186 -1.87129
-5.11958 -1.87754
-5.11694 -1.88471
-5.11464 -1.89095
-5.11199 -1.89811
-5.10934 -1.90521
-5.10701 -1.91144
-5.10433 -1.91859
-5.10199 -1.92482
-5.09929 -1.93196
-5.09693 -1.93818
-5.09421 -1.94531
-5.09183 -1.95152
-5.08912 -1.9586
-5.08637 -1.96572
-5.08397 -1.97193
-5.0812 -1.97904
-5.07878 -1.98524
-5.076 -1.99235
-5.07356 -1.99854
-5.07078 -2.00559
-5.06831 -2.01182
-5.06551 -2.01887
-5.06268 -2.02596
-5.05927 -2.03176
-5.05643 -2.03884
-5.05393 -2.04501
-5.05109 -2.05203
-5.04856 -2.05824
-5.04569 -2.06526
-5.0428 -2.07232
-5.04026 -2.07847
-5.03735 -2.08553
-5.0348 -2.09167
-5.03189 -2.09867
-5.0293 -2.10485
-5.02637 -2.11184
-5.02341 -2.11888
-5.02082 -2.125
-5.01784 -2.13203
-5.01524 -2.13815
-5.01226 -2.14512
-5.00962 -2.15128
-5.00662 -2.15824
-5.00399 -2.16435
-5.00095 -2.17135
-4.99791 -2.17835
-4.99433 -2.18405
-4.99129 -2.19099
-4.98859 -2.19713
-4.98553 -2.20406
-4.98284 -2.21014
-4.97974 -2.21711
-4.97663 -2.22408
-4.97391 -2.23015
-4.97079 -2.23711
-4.96805 -2.24318
-4.96493 -2.25008
-4.96218 -2.25614
-4.95902 -2.26308
-4.95585 -2.27002
-4.95307 -2.27607
-4.94988 -2.283
-4.94709 -2.28903
-4.94391 -2.29591
-4.94108 -2.30199
-4.93697 -2.30843
-4.93415 -2.31445
-4.9309 -2.32136
-4.92765 -2.32826
-4.9248 -2.33427
-4.92155 -2.34111
-4.91867 -2.34716
-4.9154 -2.354
-4.91253 -2.35999
-4.90922 -2.36687
-4.9059 -2.37374
-4.903 -2.37972
-4.89969 -2.38654
-4.89675 -2.39256
-4.89342 -2.39936
-4.89049 -2.40533
-4.88622 -2.41173
-4.88284 -2.41857
-4.87988 -2.42453
-4.87651 -2.43131
-4.87351 -2.4373
-4.87012 -2.44408
-4.86714 -2.45002
-4.8637 -2.45683
-4.86026 -2.46363
-4.85725 -2.46956
-4.85381 -2.47631
-4.85076 -2.48228
-4.84731 -2.48902
-4.84427 -2.49493
-4.84077 -2.50171
-4.83637 -2.50803
-4.83331 -2.51392
-4.82981 -2.52064
-4.82671 -2.52658
-4.82319 -2.53329
-4.8201 -2.53917
-4.81654 -2.54591
-4.81297 -2.55265
-4.80985 -2.55852
-4.80629 -2.56521
-4.80313 -2.57112
-4.79955 -2.57779
-4.79594 -2.58451
-4.7919 -2.58988
-4.78827 -2.59659
-4.7851 -2.60243
-4.78145 -2.60912
-4.77827 -2.61495
-4.77463 -2.62159
-4.77095 -2.62828
-4.76774 -2.63409
-4.76405 -2.64077
-4.76082 -2.64658
-4.75711 -2.65324
-4.75387 -2.65904
-4.75017 -2.66565
-4.74556 -2.6718
-4.7423 -2.67759
-4.73855 -2.68423
-4.73527 -2.69001
-4.7315 -2.69663
-4.72775 -2.70321
-4.72444 -2.70897
-4.72065 -2.71559
-4.71733 -2.72134
-4.71352 -2.72794
-4.71019 -2.73369
-4.70549 -2.73978
-4.70168 -2.74632
-4.69832 -2.75205
-4.69446 -2.75863
-4.6911 -2.76435
-4.68722 -2.77092
-4.68384 -2.77663
-4.67995 -2.78319
-4.67607 -2.78969
-4.67266 -2.79539
-4.66875 -2.80193
-4.66447 -2.80711
-4.66053 -2.81364
-4.65662 -2.82011
-4.65315 -2.82584
-4.64921 -2.8323
-4.64575 -2.83797
-4.64178 -2.84448
-4.63779 -2.85097
-4.63431 -2.85663
-4.63033 -2.86307
-4.62596 -2.86823
-4.62197 -2.87466
-4.61846 -2.8803
-4.61442 -2.88676
-4.61037 -2.89322
-4.60684 -2.89884
-4.60278 -2.90529
-4.59923 -2.9109
-4.59518 -2.91729
-4.59109 -2.92372
-4.58668 -2.92878
-4.58257 -2.9352
-4.57899 -2.94079
-4.57487 -2.9472
-4.57077 -2.95355
-4.56716 -2.95913
-4.56301 -2.96552
-4.55939 -2.97108
-4.55523 -2.97746
-4.55159 -2.98302
-4.54657 -2.98884
-4.54242 -2.99515
-4.53876 -3.00069
-4.53455 -3.00704
-4.53088 -3.01257
-4.52666 -3.01891
-4.52246 -3.0252
-4.51873 -3.03076
-4.51452 -3.03704
-4.50998 -3.04199
-4.50572 -3.0483
-4.50144 -3.0546
-4.49771 -3.06009
-4.49346 -3.06634
-4.48968 -3.07187
-4.48541 -3.07811
-4.48109 -3.08438
-4.4765 -3.08928
-4.47217 -3.09554
-4.46839 -3.101
-4.46408 -3.1072
-4.45972 -3.11345
-4.45592 -3.11889
-4.45155 -3.12512
-4.44774 -3.13055
-4.44335 -3.13678
-4.43817 -3.14237
-4.43433 -3.14778
-4.42992 -3.15399
-4.42607 -3.15939
-4.42164 -3.16559
-4.41721 -3.17177
-4.41333 -3.17716
-4.40891 -3.18329
-4.40421 -3.18808
-4.39975 -3.19424
-4.39527 -3.2004
-4.39136 -3.20576
-4.38687 -3.2119
-4.38295 -3.21725
-4.37847 -3.22334
-4.37396 -3.22947
-4.36921 -3.23421
-4.36468 -3.24032
-4.36072 -3.24565
-4.35617 -3.25175
-4.35165 -3.2578
-4.34767 -3.26311
-4.3431 -3.26919
-4.33852 -3.27527
-4.33372 -3.27995
-4.32916 -3.28597
-4.32511 -3.2913
-4.32053 -3.2973
-4.31591 -3.30335
-4.31188 -3.30861
-4.30724 -3.31465
-4.3024 -3.31929
-4.29779 -3.32527
-4.29313 -3.33128
-4.28906 -3.33651
-4.28438 -3.34252
-4.2803 -3.34774
-4.27561 -3.35373
-4.27095 -3.35967
-4.26606 -3.36426
-4.26134 -3.37023
-4.25662 -3.37619
-4.2525 -3.38138
-4.24776 -3.38733
-4.24363 -3.39251
-4.23891 -3.39841
-4.23337 -3.40371
-4.22921 -3.40887
-4.22443 -3.41479
-4.21968 -3.42066
-4.21547 -3.42585
-4.21071 -3.4317
-4.20652 -3.43684
-4.20093 -3.44209
-4.1961 -3.44797
-4.19189 -3.45308
-4.18709 -3.45891
-4.18283 -3.46405
-4.17801 -3.46987
-4.17315 -3.47571
-4.16814 -3.48016
-4.16326 -3.48599
-4.15841 -3.49177
-4.15415 -3.49684
-4.14925 -3.50266
-4.14498 -3.50772
-4.1393 -3.51287
-4.13441 -3.51862
-4.13008 -3.5237
-4.12518 -3.52944
-4.12023 -3.53521
-4.11592 -3.54023
-4.11096 -3.54599
-4.10587 -3.55035
-4.10093 -3.55606
-4.09595 -3.56179
-4.0916 -3.56679
-4.0866 -3.57251
-4.0816 -3.57823
-4.07648 -3.58255
-4.07149 -3.58821
-4.06647 -3.59391
-4.06208 -3.59887
-4.05704 -3.60455
-4.05264 -3.6095
-4.04758 -3.61517
-4.04181 -3.62012
-4.03739 -3.62505
-4.03231 -3.6307
-4.02722 -3.63634
-4.02278 -3.64125
-4.01772 -3.64684
-4.01187 -3.65179
-4.00741 -3.65668
-4.00229 -3.66229
-3.99781 -3.66717
-3.99268 -3.67276
-3.98757 -3.67831
-3.98234 -3.68249
-3.97718 -3.68806
-3.97202 -3.69362
-3.96751 -3.69847
-3.96232 -3.70402
-3.95717 -3.70952
-3.95192 -3.71366
-3.94671 -3.71919
-3.94217 -3.724
-3.93695 -3.72952
-3.93177 -3.73499
-3.92717 -3.73982
-3.92124 -3.74459
-3.916 -3.75007
-3.91142 -3.75485
-3.90616 -3.76032
-3.90093 -3.76574
-3.89633 -3.7705
-3.89033 -3.77526
-3.88504 -3.7807
-3.88043 -3.78544
-3.87516 -3.79083
-3.86985 -3.79625
-3.86522 -3.80097
-3.85918 -3.80567
-3.85389 -3.81103
-3.84919 -3.81577
-3.84389 -3.82112
-3.83922 -3.8258
-3.83386 -3.83117
-3.82779 -3.83583
-3.82311 -3.8405
-3.81773 -3.84585
-3.81238 -3.85115
-3.80768 -3.8558
-3.80157 -3.86041
-3.79616 -3.86573
-3.79145 -3.87036
-3.78606 -3.87562
-3.78063 -3.88092
-3.77589 -3.88553
-3.76976 -3.89009
-3.76434 -3.89533
-3.75955 -3.89996
-3.75412 -3.90518
-3.74865 -3.91043
-3.74319 -3.91428
-3.73771 -3.91952
-3.73225 -3.92471
-3.72746 -3.92926
-3.72196 -3.93447
-3.71645 -3.93968
-3.71095 -3.94348
-3.70543 -3.94867
-3.69994 -3.95382
-3.69511 -3.95833
-3.68956 -3.9635
-3.68333 -3.96793
-3.67849 -3.97242
-3.67296 -3.97753
-3.66739 -3.98267
-3.66253 -3.98714
-3.65627 -3.99153
-3.65072 -3.9966
-3.6458 -4.00109
-3.64023 -4.00615
-3.63462 -4.01125
-3.62905 -4.01494
-3.62343 -4.02001
-3.61784 -4.02505
-3.61292 -4.02946
-3.60728 -4.03451
-3.60163 -4.03956
-3.59603 -4.0432
-3.59041 -4.0482
-3.58474 -4.05322
-3.57979 -4.05759
-3.57411 -4.0626
-3.56775 -4.06684
-3.56279 -4.07119
-3.55713 -4.07614
-3.55142 -4.08112
-3.5457 -4.08609
-3.54006 -4.08965
-3.53437 -4.09457
-3.52864 -4.09951
-3.52363 -4.10382
-3.51788 -4.10875
-3.51152 -4.11287
-3.50646 -4.11719
-3.50073 -4.12206
-3.49496 -4.12695
-3.48992 -4.13121
-3.48349 -4.13533
-3.47774 -4.14017
-3.47268 -4.14441
-3.46688 -4.14927
-3.46107 -4.15412
-3.45535 -4.15757
-3.44953 -4.1624
-3.44374 -4.16719
-3.4379 -4.17201
-3.43281 -4.1762
-3.42633 -4.18023
-3.42051 -4.18499
-3.41541 -4.18916
-3.40954 -4.19393
-3.40303 -4.19793
-3.39791 -4.20207
-3.39206 -4.20679
-3.38617 -4.21154
-3.38027 -4.21627
-3.3745 -4.21961
-3.36863 -4.2243
-3.36272 -4.22901
-3.35755 -4.23311
-3.35162 -4.23781
-3.34507 -4.24171
-3.33989 -4.24579
-3.33399 -4.25043
-3.32803 -4.25509
-3.32207 -4.25975
-3.31626 -4.26301
-3.31033 -4.26761
-3.30435 -4.27224
-3.29914 -4.27627
-3.29254 -4.28009
-3.28658 -4.28467
-3.28131 -4.2887
-3.27535 -4.29326
-3.26934 -4.29784
-3.26275 -4.30159
-3.25746 -4.3056
-3.25147 -4.31012
-3.24543 -4.31467
-3.23957 -4.31782
-3.23352 -4.32235
-3.22751 -4.32684
-3.22145 -4.33136
-3.21616 -4.33529
-3.20949 -4.33898
-3.20346 -4.34344
-3.19812 -4.34737
-3.19207 -4.35182
-3.18538 -4.35547
-3.17932 -4.3599
-3.17396 -4.3638
-3.16789 -4.36821
-3.16177 -4.37264
-3.15511 -4.37622
-3.14972 -4.3801
-3.14363 -4.38447
-3.13749 -4.38887
-3.13155 -4.39188
-3.1254 -4.39626
-3.11929 -4.4006
-3.11312 -4.40496
-3.10775 -4.40876
-3.101 -4.41229
-3.09486 -4.41659
-3.08867 -4.42092
-3.08328 -4.42469
-3.07651 -4.42818
-3.07035 -4.43245
-3.0649 -4.43622
-3.05873 -4.44048
-3.05194 -4.44393
-3.04576 -4.44817
-3.04029 -4.45191
-3.0341 -4.45613
-3.02786 -4.46038
-3.02105 -4.46378
-3.0156 -4.46747
-3.00939 -4.47165
-3.00312 -4.47586
-2.9963 -4.47923
-2.99083 -4.48288
-2.9846 -4.48704
-2.97831 -4.49121
-2.97228 -4.49401
-2.96599 -4.49816
-2.95973 -4.50228
-2.95343 -4.50642
-2.94738 -4.50918
-2.94106 -4.51331
-2.93474 -4.51742
-2.92846 -4.52149
-2.92294 -4.52506
-2.91606 -4.52831
-2.90972 -4.53239
-2.90341 -4.53643
-2.89788 -4.53997
-2.89098 -4.54318
-2.88462 -4.54722
-2.8783 -4.55122
-2.87274 -4.55473
-2.86583 -4.5579
-2.85944 -4.56191
-2.8531 -4.56588
-2.84753 -4.56936
-2.8406 -4.57249
-2.8342 -4.57646
-2.82783 -4.5804
-2.8222 -4.58387
-2.8153 -4.58694
-2.80888 -4.59088
-2.80249 -4.59478
-2.79606 -4.59869
-2.78993 -4.60125
-2.78348 -4.60515
-2.77708 -4.60901
-2.77062 -4.6129
-2.76448 -4.61542
-2.75801 -4.61928
-2.75159 -4.62311
-2.74512 -4.62696
-2.73896 -4.62944
-2.73247 -4.63327
-2.72599 -4.63709
-2.71954 -4.64088
-2.71337 -4.64333
-2.70687 -4.64712
-2.70036 -4.65091
-2.69389 -4.65466
-2.68687 -4.65756
-2.68119 -4.66083
-2.67466 -4.66458
-2.66817 -4.6683
-2.66114 -4.67116
-2.65544 -4.6744
-2.64889 -4.67811
-2.64239 -4.68179
-2.63534 -4.68461
-2.62878 -4.6883
-2.62306 -4.6915
-2.61653 -4.69514
-2.60947 -4.69793
-2.60289 -4.70158
-2.59715 -4.70475
-2.59061 -4.70836
-2.58354 -4.7111
-2.57694 -4.71471
-2.57038 -4.71829
-2.56463 -4.72142
-2.55754 -4.72413
-2.55092 -4.7277
-2.54435 -4.73125
-2.53725 -4.73392
-2.53147 -4.73701
-2.52484 -4.74055
-2.51824 -4.74406
-2.51113 -4.7467
-2.50448 -4.75021
-2.49869 -4.75326
-2.49208 -4.75673
-2.48495 -4.75933
-2.47829 -4.7628
-2.47248 -4.76582
-2.4658 -4.76928
-2.45871 -4.77181
-2.45203 -4.77525
-2.44539 -4.77865
-2.43951 -4.78166
-2.43241 -4.78415
-2.42571 -4.78755
-2.41905 -4.79092
-2.41189 -4.79341
-2.40518 -4.79678
-2.39932 -4.79971
-2.39265 -4.80304
-2.38548 -4.80549
-2.37875 -4.80882
-2.37206 -4.81212
-2.36614 -4.81504
-2.35901 -4.81743
-2.35226 -4.82072
-2.34556 -4.82399
-2.33836 -4.82637
-2.33247 -4.82922
-2.32571 -4.83248
-2.31899 -4.83571
-2.31179 -4.83805
-2.30501 -4.84128
-2.29828 -4.84448
-2.29232 -4.8473
-2.28515 -4.84958
-2.27836 -4.85277
-2.27162 -4.85593
-2.26439 -4.8582
-2.25846 -4.86096
-2.25166 -4.86412
-2.24489 -4.86724
-2.23766 -4.86947
-2.23084 -4.8726
-2.22406 -4.8757
-2.21807 -4.87843
-2.21087 -4.8806
-2.20404 -4.88369
-2.19724 -4.88675
-2.18999 -4.8889
-2.18314 -4.89197
-2.17718 -4.89463
-2.17037 -4.89765
-2.16311 -4.89977
-2.15625 -4.90279
-2.14943 -4.90578
-2.14216 -4.90787
-2.13617 -4.91048
-2.12929 -4.91347
-2.12246 -4.91642
-2.11518 -4.91847
-2.10829 -4.92142
-2.10145 -4.92435
-2.09544 -4.92691
-2.08815 -4.92892
-2.08125 -4.93184
-2.07439 -4.93473
-2.06709 -4.9367
-2.06018 -4.93959
-2.05415 -4.9421
-2.04728 -4.94495
-2.03997 -4.94689
-2.03305 -4.94974
-2.02616 -4.95256
-2.01885 -4.95447
-2.01196 -4.95727
-2.00586 -4.95974
-1.99897 -4.96252
-1.99165 -4.96439
-1.98469 -4.96717
-1.97779 -4.96993
-1.97046 -4.97176
-1.96355 -4.97449
-1.95743 -4.9769
-1.95051 -4.97962
-1.94317 -4.98142
-1.93625 -4.98411
-1.92927 -4.98682
-1.92192 -4.98858
-1.91499 -4.99125
-1.90885 -4.9936
-1.90155 -4.99531
-1.89455 -4.99797
-1.8876 -5.0006
-1.8806 -5.00324
-1.87324 -5.00493
-1.86628 -5.00753
-1.85927 -5.01013
-1.85281 -5.01146
-1.84579 -5.01405
-1.83882 -5.01661
-1.8318 -5.01918
-1.82443 -5.0208
-1.81745 -5.02333
-1.81041 -5.02587
-1.80309 -5.02744
-1.7969 -5.02965
-1.78991 -5.03215
-1.78253 -5.03371
-1.77548 -5.0362
-1.76848 -5.03866
-1.76142 -5.04113
-1.75408 -5.04263
-1.74702 -5.04508
-1.74087 -5.04721
-1.73347 -5.04869
-1.72645 -5.0511
-1.71938 -5.05351
-1.71198 -5.05497
-1.70496 -5.05734
-1.69787 -5.05972
-1.69079 -5.06209
-1.68343 -5.06349
-1.67726 -5.06554
-1.67016 -5.06788
-1.66275 -5.06927
-1.65571 -5.07157
-1.6486 -5.07389
-1.64119 -5.07524
-1.63414 -5.07752
-1.62703 -5.0798
-1.61996 -5.08205
-1.61254 -5.08336
-1.60634 -5.08533
-1.59922 -5.08757
-1.59185 -5.08884
-1.58472 -5.09106
-1.57759 -5.09327
-1.57022 -5.0945
-1.56308 -5.0967
-1.55595 -5.09888
-1.54886 -5.10104
-1.54142 -5.10225
-1.53433 -5.10438
-1.52805 -5.10627
-1.52067 -5.10743
-1.51352 -5.10955
-1.50636 -5.11166
-1.49897 -5.11279
-1.49181 -5.11489
-1.4847 -5.11696
-1.47726 -5.11807
-1.47009 -5.12013
-1.46298 -5.12217
-1.4558 -5.12421
-1.44836 -5.12528
-1.4421 -5.12705
-1.43497 -5.12905
-1.42752 -5.13009
-1.42034 -5.13208
-1.4132 -5.13405
-1.40575 -5.13506
-1.39861 -5.13701
-1.39142 -5.13896
-1.38396 -5.13994
-1.37682 -5.14186
-1.36962 -5.14378
-1.36242 -5.14569
-1.35501 -5.14661
-1.3478 -5.14851
-1.34152 -5.15015
-1.33406 -5.15105
-1.32689 -5.1529
-1.31968 -5.15475
-1.31221 -5.15563
-1.30505 -5.15745
-1.29783 -5.15927
-1.29041 -5.1601
-1.28318 -5.1619
-1.27596 -5.16369
-1.26854 -5.16449
-1.26131 -5.16626
-1.25413 -5.16801
-1.24665 -5.16879
-1.23942 -5.17053
-1.23223 -5.17224
-1.22499 -5.17396
-1.21751 -5.1747
-1.2112 -5.17618
-1.204 -5.17786
-1.19653 -5.17857
-1.18928 -5.18024
-1.18207 -5.18188
-1.1746 -5.18256
-1.16734 -5.1842
-1.16013 -5.18582
-1.15266 -5.18646
-1.14545 -5.18806
-1.13818 -5.18965
-1.1307 -5.19027
-1.12349 -5.19183
-1.11622 -5.1934
-1.10874 -5.19398
-1.10151 -5.19552
-1.09424 -5.19705
-1.08681 -5.19759
-1.07953 -5.19911
-1.07225 -5.20061
-1.06482 -5.20112
-1.05754 -5.2026
-1.05026 -5.20408
-1.04302 -5.20553
-1.03554 -5.20601
-1.0283 -5.20744
-1.02101 -5.20888
-1.01352 -5.20932
-1.00628 -5.21072
-0.999871 -5.21196
-0.992439 -5.21236
-0.985141 -5.21374
-0.977893 -5.21511
-0.970408 -5.21549
-0.963105 -5.21684
-0.955853 -5.21818
-0.948368 -5.21853
-0.941061 -5.21985
-0.933804 -5.22115
-0.926319 -5.22147
-0.919061 -5.22275
-0.911748 -5.22403
-0.904263 -5.22432
-0.897 -5.22557
-0.889684 -5.22682
-0.882199 -5.22708
-0.874932 -5.2283
-0.867612 -5.22952
-0.86018 -5.22973
-0.852857 -5.23093
-0.845533 -5.23212
-0.838102 -5.2323
-0.830776 -5.23347
-0.823448 -5.23463
-0.816015 -5.23478
-0.808685 -5.23592
-0.801407 -5.23704
-0.793924 -5.23716
-0.786591 -5.23827
-0.77931 -5.23936
-0.771828 -5.23946
-0.764492 -5.24053
-0.757207 -5.24159
-0.749727 -5.24165
-0.74244 -5.24269
-0.7351 -5.24373
-0.72762 -5.24376
-0.720331 -5.24477
-0.712988 -5.24577
-0.704619 -5.24589
-0.697274 -5.24687
-0.68998 -5.24784
-0.682504 -5.2478
-0.675156 -5.24875
-0.66786 -5.24969
-0.660382 -5.24963
-0.653085 -5.25054
-0.645734 -5.25145
-0.63826 -5.25135
-0.63096 -5.25224
-0.623607 -5.25311
-0.616135 -5.25299
-0.608833 -5.25384
-0.601477 -5.25469
-0.59406 -5.25453
-0.586703 -5.25535
-0.579345 -5.25617
-0.571931 -5.25597
-0.564572 -5.25677
-0.557212 -5.25756
-0.549799 -5.25733
-0.542439 -5.25809
-0.535129 -5.25884
-0.527667 -5.25859
-0.520304 -5.25933
-0.512993 -5.26004
-0.505533 -5.25976
-0.498169 -5.26046
-0.489908 -5.26124
-0.482503 -5.26092
-0.475138 -5.26159
-0.467771 -5.26225
-0.460369 -5.2619
-0.453002 -5.26254
-0.445687 -5.26316
-0.438235 -5.26279
-0.430867 -5.26339
-0.42355 -5.26399
-0.416101 -5.26358
-0.408732 -5.26416
-0.401415 -5.26472
-0.393969 -5.26428
-0.386651 -5.26482
-0.37928 -5.26536
-0.371838 -5.26489
-0.363573 -5.26546
-0.356254 -5.26596
-0.348812 -5.26546
-0.34144 -5.26594
-0.334057 -5.26541
-0.326685 -5.26588
-0.319313 -5.26633
-0.311933 -5.26577
-0.304561 -5.2662
-0.297241 -5.26662
-0.289812 -5.26603
-0.28244 -5.26643
-0.275119 -5.26682
-0.267695 -5.2662
-0.259428 -5.26661
-0.252054 -5.26697
-0.244687 -5.26632
-0.237313 -5.26666
-0.229993 -5.26698
-0.222577 -5.2663
-0.215203 -5.2666
-0.207883 -5.2669
-0.200471 -5.26619
-0.193098 -5.26646
-0.185775 -5.26672
-0.177474 -5.26601
-0.170101 -5.26625
-0.162728 -5.26649
-0.155378 -5.26571
-0.148006 -5.26592
-0.140687 -5.26612
-0.133289 -5.26531
-0.125917 -5.26549
-0.118576 -5.26466
-0.111205 -5.26483
-0.102938 -5.26499
-0.0955486 -5.26413
-0.0882315 -5.26426
-0.0808615 -5.26438
-0.0734774 -5.26349
-0.0661612 -5.26358
-0.0587921 -5.26367
-0.0514659 -5.26275
-0.044098 -5.26282
-0.0358342 -5.26288
-0.0284607 -5.26192
-0.0211467 -5.26196
-0.01378 -5.26198
-0.00641202 -5.261
0.000900665 -5.261
0.00826603 -5.26099
0.0156284 -5.25998
0.0229397 -5.25995
0.0311905 -5.25891
0.0385529 -5.25886
0.0458626 -5.2588
0.0532147 -5.25773
0.0605754 -5.25765
0.0678834 -5.25756
0.0752296 -5.25646
0.0825885 -5.25635
0.090842 -5.25622
0.0981293 -5.25508
0.105486 -5.25494
0.112843 -5.25479
0.120124 -5.25363
0.127479 -5.25345
0.134781 -5.25327
0.143055 -5.25205
0.150355 -5.25185
0.157708 -5.25163
0.164976 -5.25041
0.172326 -5.25017
0.179642 -5.24893
0.186938 -5.24867
0.195177 -5.24837
0.202486 -5.24709
0.209831 -5.24681
0.217124 -5.24651
0.224426 -5.2452
0.231717 -5.24488
0.239059 -5.24455
0.247247 -5.24317
0.254587 -5.24282
0.261874 -5.24246
0.269162 -5.24109
0.276499 -5.24071
0.28373 -5.23932
0.291956 -5.23887
0.29929 -5.23846
0.306565 -5.23703
0.313844 -5.2366
0.321175 -5.23616
0.328443 -5.23471
0.33666 -5.23418
0.343935 -5.23371
0.351195 -5.23223
0.358519 -5.23173
0.365791 -5.23123
0.373043 -5.22971
0.381255 -5.22912
0.388523 -5.22858
0.395767 -5.22704
0.403084 -5.22648
0.41027 -5.22492
0.417585 -5.22434
0.425785 -5.22368
0.433015 -5.22208
0.440276 -5.22147
0.447585 -5.22085
0.454807 -5.21922
0.462999 -5.2185
0.470253 -5.21785
0.477466 -5.21619
0.484716 -5.21552
0.492017 -5.21484
0.500109 -5.21307
0.507407 -5.21236
0.514554 -5.21066
0.521848 -5.20993
0.529141 -5.20919
0.537215 -5.20736
0.544453 -5.20661