1.35816 -0.266211
1.361 -0.251269
1.36467 -0.236454
1.36722 -0.221196
1.36957 -0.206157
1.37275 -0.191218
1.37477 -0.176107
1.37662 -0.160987
1.3793 -0.14594
1.38082 -0.130774
1.38317 -0.11566
1.38436 -0.100452
1.38638 -0.0852803
1.38722 -0.0702744
1.38791 -0.0550115
1.38943 -0.0397838
1.38978 -0.0244977
1.39097 -0.00946602
1.39199 0.00582536
1.39184 0.0208929
1.39253 0.0362214
1.39206 0.0512876
1.39241 0.0666385
1.3916 0.0817015
1.39164 0.0968245
1.39148 0.112201
1.39019 0.127251
1.38972 0.142389
1.3881 0.157418
1.38731 0.172553
1.38635 0.187689
1.38424 0.202679
1.38295 0.217802
1.38154 0.232678
1.37993 0.24779
1.37717 0.262709
1.37527 0.277553
1.37317 0.292627
1.37095 0.307449
1.36754 0.322266
1.365 0.337046
1.36231 0.35181
1.35945 0.366553
1.35643 0.381276
1.3523 0.395695
1.34896 0.410361
1.34547 0.425
1.34182 0.439612
1.33801 0.454194
1.33413 0.468511
1.33 0.48303
1.32581 0.497283
1.32044 0.511369
1.31594 0.525539
1.31129 0.539671
1.30639 0.553992
1.30143 0.568042
1.29633 0.582049
1.29107 0.596011
1.28566 0.609925
1.28021 0.62357
1.2745 0.637389
1.26865 0.651158
1.26276 0.664652
1.25661 0.678314
1.25044 0.691702
1.24412 0.705034
1.23766 0.71831
1.23105 0.731527
1.22431 0.744684
1.21827 0.758309
1.21125 0.77135
1.20408 0.784328
1.19691 0.797031
1.18946 0.809876
1.18202 0.822446
1.17431 0.835153
1.1666 0.847586
1.15877 0.859948
1.1516 0.872842
1.14349 0.885066
1.13526 0.897216
1.1269 0.90929
1.11841 0.921287
1.10995 0.933011
1.10121 0.94485
1.09326 0.957076
1.08426 0.968759
1.07531 0.980172
1.06624 0.991502
1.05705 1.00275
1.04845 1.0146
1.03902 1.02569
1.02947 1.03668
1.01999 1.04741
1.0109 1.05895
1.001 1.06969
0.99117 1.08016
0.981234 1.09054
0.97119 1.10082
0.961499 1.11194
0.951232 1.12205
0.941057 1.1319
0.930581 1.14182
0.920625 1.15242
0.909934 1.16215
0.899346 1.17163
0.889053 1.18196
0.878261 1.19124
0.86737 1.20043
0.856385 1.20952
0.845876 1.21932
0.834693 1.22821
0.82342 1.237
0.8126 1.24653
0.801137 1.25511
0.789796 1.26346
0.778152 1.27183
0.767165 1.28082
0.755558 1.28886
0.743882 1.29679
0.732377 1.30562
0.720527 1.31333
0.708821 1.32082
0.696798 1.32833
0.685167 1.33662
0.67298 1.34391
0.66096 1.35098
0.649066 1.35895
0.636891 1.3658
0.624645 1.37255
0.612734 1.38009
0.600339 1.38662
0.587876 1.39303
0.575712 1.40027
0.563107 1.40646
0.550436 1.41254
0.537957 1.41841
0.525505 1.4252
0.512881 1.43086
0.499952 1.43648
0.487543 1.44286
0.474734 1.44817
0.461882 1.45337
0.449255 1.45942
0.436271 1.46439
0.423248 1.46925
0.410158 1.474
0.397542 1.47952
0.384357 1.48403
0.371362 1.48837
0.358313 1.49362
0.345231 1.49773
0.332104 1.50172
0.31914 1.50657
0.305902 1.51033
0.292638 1.51398
0.279333 1.51751
0.266161 1.5219
0.25277 1.5252
0.2396 1.52833
0.226134 1.53139
0.213047 1.53529
0.199488 1.53812
0.186188 1.54079
0.172842 1.54335
0.159567 1.54679
0.146167 1.54912
0.132723 1.55133
0.119252 1.55343
0.105837 1.55641
0.0923047 1.55827
0.079029 1.56
0.0654491 1.56163
0.0521617 1.56413
0.0385296 1.56553
0.0251593 1.5668
0.0117698 1.56796
-0.00192003 1.569
-0.0153542 1.57092
-0.0288033 1.57174
-0.0422671 1.57243
-0.055761 1.57301
-0.0692519 1.57348
-0.0824874 1.57384
-0.0960624 1.57507
-0.109595 1.57519
-0.122869 1.57522
-0.136418 1.5751
-0.149708 1.5749
-0.16327 1.57456
-0.176571 1.57413
-0.18998 1.57458
-0.203296 1.57392
-0.216615 1.57316
-0.229934 1.57228
-0.243239 1.57128
-0.256559 1.57018
-0.269878 1.56896
-0.283193 1.56763
-0.296224 1.56623
-0.309727 1.56566
-0.323038 1.56399
-0.336062 1.56226
-0.349361 1.56037
-0.36237 1.55842
-0.375371 1.55637
-0.388643 1.55414
-0.401625 1.55187
-0.41461 1.54949
-0.427568 1.547
-0.440513 1.5444
-0.45346 1.54169
-0.466377 1.53888
-0.479278 1.53596
-0.491901 1.53301
-0.504769 1.52988
-0.517633 1.52663
-0.530188 1.52337
-0.543014 1.51991
-0.555803 1.51635
-0.568313 1.51277
-0.580801 1.50909
-0.593523 1.50521
-0.60559 1.50039
-0.618 1.49641
-0.630639 1.49221
-0.642998 1.48802
-0.65533 1.48372
-0.667634 1.47932
-0.679895 1.47483
-0.692142 1.47023
-0.704359 1.46552
-0.716104 1.45982
-0.727989 1.45505
-0.740104 1.45004
-0.752186 1.44494
-0.764233 1.43974
-0.775511 1.4337
-0.787482 1.4283
-0.799173 1.42294
-0.811056 1.41735
-0.822675 1.41179
-0.833985 1.40514
-0.845507 1.39941
-0.857003 1.39357
-0.868683 1.3875
-0.879562 1.38063
-0.890916 1.37452
-0.902243 1.36831
-0.913513 1.36202
-0.924177 1.35481
-0.935367 1.34832
-0.946499 1.34175
-0.957016 1.33427
-0.968049 1.32753
-0.979036 1.32069
-0.989386 1.31296
-1.00027 1.30594
-1.01112 1.29883
-1.02106 1.29102
-1.03179 1.28375
-1.04184 1.27561
-1.05247 1.26815
-1.06282 1.2608
-1.07269 1.25241
-1.08293 1.24489
-1.09267 1.23635
-1.1028 1.22867
-1.11242 1.21996
-1.12244 1.21212
-1.13192 1.20327
-1.14182 1.19526
-1.15097 1.18646
-1.16095 1.1781
-1.16996 1.16915
-1.17962 1.16083
-1.1887 1.15152
-1.19824 1.14305
-1.20698 1.13382
-1.21637 1.1252
-1.22498 1.11583
-1.23351 1.10639
-1.24292 1.09732
-1.25131 1.08774
-1.26039 1.07875
-1.26864 1.06904
-1.27681 1.05927
-1.28567 1.05007
-1.2937 1.04017
-1.30165 1.0302
-1.31031 1.02079
-1.31811 1.0107
-1.32583 1.00054
-1.33428 0.990929
-1.34168 0.98088
-1.34918 0.970547
-1.35659 0.960157
-1.36474 0.950295
-1.372 0.939786
-1.37917 0.929222
-1.38611 0.918838
-1.39397 0.908712
-1.4009 0.89798
-1.40776 0.887194
-1.41437 0.876611
-1.42106 0.865723
-1.42853 0.855298
-1.43505 0.844301
-1.44135 0.8335
-1.4477 0.822421
-1.45398 0.811278
-1.46017 0.800088
-1.46613 0.789099
-1.47303 0.778284
-1.47897 0.766948
-1.48468 0.755834
-1.49044 0.74441
-1.49611 0.732941
-1.50157 0.721685
-1.50707 0.710131
-1.51248 0.698536
-1.51768 0.687173
-1.52291 0.675498
-1.52793 0.664057
-1.53299 0.652303
-1.53795 0.64051
-1.54272 0.628942
-1.54751 0.617076
-1.5522 0.605173
-1.55669 0.593514
-1.56121 0.581541
-1.56563 0.569534
-1.56986 0.557761
-1.5741 0.545688
-1.57729 0.533278
-1.58125 0.521418
-1.58521 0.509259
-1.58907 0.497069
-1.59284 0.484851
-1.59643 0.472891
-1.60002 0.460616
-1.60255 0.448046
-1.60586 0.435998
-1.60917 0.423652
-1.61237 0.411281
-1.61548 0.398903
-1.61752 0.386252
-1.62038 0.374093
-1.6232 0.361638
-1.62593 0.349161
-1.62759 0.336461
-1.63012 0.323952
-1.63256 0.311423
-1.63387 0.29899
-1.63612 0.286433
-1.63827 0.27386
-1.64032 0.26127
-1.64129 0.248515
-1.64315 0.235902
-1.64492 0.223276
-1.64559 0.21051
-1.64716 0.197866
-1.64764 0.185098
-1.64901 0.172439
-1.65028 0.15977
-1.65046 0.147019
-1.65157 0.134042
-1.65155 0.121281
-1.65244 0.108593
-1.65222 0.0958413
-1.65291 0.0831496
-1.65351 0.0701719
-1.653 0.0574364
-1.65339 0.0447395
-1.65269 0.0320209
-1.65289 0.0190466
-1.65199 0.0063482
-1.65199 -0.00663679
-1.65089 -0.0193119
-1.64968 -0.032251
-1.64939 -0.0449194
-1.64799 -0.0578308
-1.64749 -0.0704854
-1.64589 -0.0833817
-1.6452 -0.0960194
-1.6434 -0.108865
-1.6415 -0.121689
-1.64051 -0.134291
-1.63841 -0.147092
-1.63721 -0.159949
-1.6349 -0.172707
-1.6325 -0.185423
-1.631 -0.198233
-1.62844 -0.210624
-1.62574 -0.223281
-1.62394 -0.236036
-1.62104 -0.248625
-1.61801 -0.261474
-1.61492 -0.274016
-1.61272 -0.286685
-1.60943 -0.299169
-1.60605 -0.311603
-1.60252 -0.324291
-1.59992 -0.336861
-1.59625 -0.349212
-1.59242 -0.361781
-1.58855 -0.374057
-1.5855 -0.386801
-1.58144 -0.39899
-1.57722 -0.411424
-1.57298 -0.423532
-1.56856 -0.435882
-1.56501 -0.448463
-1.56048 -0.460452
-1.55578 -0.472676
-1.55098 -0.484856
-1.54608 -0.496988
-1.54109 -0.509074
-1.53601 -0.521111
-1.53178 -0.533428
-1.52651 -0.545359
-1.52114 -0.557255
-1.51568 -0.569101
-1.51003 -0.581151
-1.50438 -0.592891
-1.49865 -0.604577
-1.49271 -0.616464
-1.4868 -0.628042
-1.48067 -0.63983
-1.47458 -0.65128
-1.46827 -0.662953
-1.46188 -0.674551
-1.45551 -0.685842
-1.44893 -0.697321
-1.44227 -0.708737
-1.43551 -0.720106
-1.42867 -0.731397
-1.42173 -0.742624
-1.41471 -0.753801
-1.4076 -0.764899
-1.4004 -0.775931
-1.39298 -0.787147
-1.38561 -0.798044
-1.37815 -0.808886
-1.37048 -0.81988
-1.36285 -0.830583
-1.355 -0.841433
-1.34705 -0.852224
-1.33917 -0.862713
-1.33107 -0.873343
-1.32287 -0.88391
-1.31376 -0.89384
-1.3054 -0.904248
-1.29697 -0.914566
-1.28845 -0.92482
-1.27985 -0.934995
-1.27117 -0.94509
-1.26224 -0.95532
-1.2534 -0.965254
-1.2437 -0.974478
-1.23453 -0.984464
-1.22547 -0.994133
-1.21616 -1.00394
-1.20675 -1.01367
-1.19728 -1.0233
-1.18716 -1.03198
-1.17754 -1.04143
-1.16785 -1.05079
-1.15808 -1.06007
-1.14805 -1.06945
-1.13742 -1.07785
-1.12744 -1.08685
-1.1172 -1.09595
-1.10708 -1.10475
-1.09669 -1.11366
-1.08574 -1.12156
-1.07521 -1.13027
-1.06463 -1.13887
-1.05417 -1.14721
-1.04279 -1.15487
-1.032 -1.16319
-1.02115 -1.1714
-1.01003 -1.17968
-0.998421 -1.18691
-0.987384 -1.19481
-0.976081 -1.20277
-0.964921 -1.21047
-0.952877 -1.21743
-0.941603 -1.22491
-0.930062 -1.23245
-0.918461 -1.23987
-0.906214 -1.24638
-0.894505 -1.25358
-0.882739 -1.26067
-0.870918 -1.26765
-0.858471 -1.2737
-0.846332 -1.2806
-0.834357 -1.28725
-0.821795 -1.29293
-0.809492 -1.29949
-0.797152 -1.30593
-0.784235 -1.3114
-0.772027 -1.31746
-0.759535 -1.32355
-0.74701 -1.32951
-0.733943 -1.33449
-0.721094 -1.34034
-0.708442 -1.34594
-0.695277 -1.35054
-0.682305 -1.35602
-0.669523 -1.36126
-0.656037 -1.36559
-0.642953 -1.3707
-0.62983 -1.37568
-0.61667 -1.38053
-0.603076 -1.38434
-0.589854 -1.38894
-0.576599 -1.39341
-0.562938 -1.39683
-0.54939 -1.40114
-0.536049 -1.40523
-0.522079 -1.40835
-0.508691 -1.41217
-0.495036 -1.41596
-0.48102 -1.41867
-0.467322 -1.42219
-0.453588 -1.42558
-0.439844 -1.42883
-0.42578 -1.431
-0.411748 -1.43406
-0.397953 -1.43691
-0.383626 -1.43873
-0.369794 -1.44132
-0.355715 -1.44383
-0.341608 -1.4462
-0.327268 -1.44746
-0.313147 -1.44956
-0.299015 -1.45152
-0.284682 -1.45236
-0.270296 -1.45409
-0.256152 -1.45563
-0.242002 -1.45704
-0.227432 -1.45736
-0.213039 -1.45852
-0.19863 -1.45955
-0.184498 -1.46039
-0.169976 -1.46014
-0.155597 -1.46074
-0.140959 -1.46122
-0.12659 -1.46153
-0.112137 -1.4607
-0.0975311 -1.46075
-0.0831984 -1.46063
-0.0686141 -1.46039
-0.0540065 -1.459
-0.0394598 -1.45847
-0.0251917 -1.45778
-0.0104302 -1.45696
0.0040636 -1.45599
0.0185251 -1.45388
0.0329669 -1.45263
0.0476333 -1.45122
0.0620271 -1.44967
0.0766421 -1.44797
0.0909193 -1.44514
0.105466 -1.44315
0.119997 -1.44101
0.134481 -1.43873
0.14893 -1.4363
0.163344 -1.43373
0.17798 -1.43097
0.192318 -1.42811
0.206488 -1.42411
0.220991 -1.42092
0.235436 -1.41758
0.249611 -1.41414
0.263965 -1.41051
0.278285 -1.40674
0.292555 -1.40282
0.306774 -1.39875
0.320926 -1.39455
0.335039 -1.3902
0.349331 -1.38564
0.36333 -1.38101
0.377505 -1.37616
0.391384 -1.37124
0.405434 -1.36611
0.419421 -1.36083
0.433355 -1.35541
0.447207 -1.34985
0.460991 -1.34415
0.474704 -1.3383
0.488346 -1.33232
0.501914 -1.3262
0.515421 -1.31994
0.529063 -1.31345
0.542415 -1.30691
0.555896 -1.30014
0.569308 -1.29324
0.582404 -1.28629
0.59607 -1.28002
0.609224 -1.2727
0.622301 -1.26524
0.63529 -1.25765
0.648175 -1.24993
0.66098 -1.24208
0.67417 -1.23497
0.687004 -1.22673
0.69952 -1.21848
0.712155 -1.20998
0.724485 -1.20147
0.737442 -1.19356
0.749577 -1.18479
0.761808 -1.17578
0.773932 -1.16663
0.786509 -1.15819
0.798424 -1.14879
0.810034 -1.13941
0.822507 -1.13044
0.834104 -1.12066
0.845575 -1.11077
0.857543 -1.10156
0.868789 -1.09144
0.880548 -1.08197
0.891756 -1.07145
0.902648 -1.06098
0.914254 -1.05099
0.924907 -1.04029
0.936295 -1.03006
0.946704 -1.01913
0.957847 -1.00867
0.968188 -0.997353
0.978922 -0.986819
0.989006 -0.975289
0.999664 -0.964361
1.00948 -0.95262
1.01989 -0.941469
1.02944 -0.929523
1.0396 -0.918154
1.04963 -0.906663
1.05878 -0.894417
1.06855 -0.882727
1.07819 -0.87092
1.08691 -0.858399
1.09629 -0.846391
1.10552 -0.834292
1.11397 -0.821298
1.12294 -0.808994
1.13177 -0.796594
1.13963 -0.783541
1.14831 -0.770763
1.15672 -0.758085
1.16498 -0.745328
1.17323 -0.732268
1.18036 -0.718799
1.18832 -0.70557
1.196 -0.692468
1.20366 -0.679065
1.21106 -0.665784
1.2183 -0.652435
1.22551 -0.638786
1.23246 -0.625267
1.23847 -0.611019
1.24512 -0.59736
1.25171 -0.583414
1.25805 -0.569623
1.26433 -0.555535
1.27037 -0.541594
1.27634 -0.527371
1.28206 -0.513312
1.28771 -0.49896
1.29406 -0.485116
1.2994 -0.470632
1.30449 -0.456323
1.30951 -0.441724
1.31428 -0.427293
1.31898 -0.412586
1.32343 -0.398052
1.32773 -0.383484
1.33289 -0.368897
1.33687 -0.354213
1.34074 -0.339258
1.34439 -0.324503
1.34788 -0.309695
1.35223 -0.294834
1.35539 -0.279955
1.35839 -0.26503
1.36122 -0.250071
1.36487 -0.235266
1.36741 -0.220007
1.36975 -0.204952
1.37291 -0.190024
1.37492 -0.17491
1.37775 -0.159905
1.37943 -0.14474
1.38093 -0.129572
1.38327 -0.114456
1.38445 -0.0992342
1.38645 -0.0840738
1.38728 -0.0690678
1.38896 -0.0538424
1.38946 -0.0385746
1.3898 -0.0232889
1.39098 -0.00825622
1.39198 0.00704998
1.39182 0.0221075
1.3925 0.0374367
1.39201 0.0525024
1.39235 0.0678536
1.39153 0.0829159
1.39155 0.0980389
1.39139 0.113415
1.39008 0.128464
1.3896 0.143601
1.38796 0.158629
1.38716 0.173763
1.38619 0.188899
1.38406 0.203888
1.38276 0.219009
1.38134 0.233884
1.37971 0.248995
1.37694 0.26391
1.37503 0.278754
1.37291 0.293826
1.37068 0.308644
1.36726 0.323458
1.36471 0.338237
1.362 0.352997
1.35913 0.36774
1.3561 0.382459
1.35195 0.396876
1.34861 0.411538
1.3451 0.426175
1.34144 0.440782
1.33762 0.455362
1.33372 0.469676
1.32958 0.48419
1.32529 0.498671
1.31999 0.512521
1.31548 0.526688
1.31072 0.541044
1.30591 0.555131
1.30094 0.569176
1.29582 0.583179
1.29055 0.597136
1.28513 0.611047
1.27966 0.624688
1.27395 0.638502
1.26808 0.652265
1.26218 0.665754
1.25602 0.679411
1.24983 0.692792
1.2435 0.70612
1.23703 0.719389
1.23041 0.732602
1.22366 0.745752
1.21761 0.759372
1.21057 0.772407
1.20339 0.785378
1.19621 0.798074
1.18876 0.810914
1.18131 0.823478
1.17358 0.836178
1.16586 0.848604
1.15802 0.860959
1.15083 0.873847
1.14272 0.886064
1.13447 0.898207
1.1261 0.910274
1.1176 0.922262
1.10914 0.933979
1.10114 0.946463
1.09242 0.958029
1.08341 0.969705
1.07445 0.981109
1.06537 0.992432
1.05617 1.00367
1.04757 1.01552
1.03813 1.02659
1.02857 1.03758
1.01907 1.0483
1.00997 1.05984
1.00025 1.07039
0.990226 1.08102
0.980282 1.09139
0.970891 1.10242
0.960723 1.11261
0.950449 1.12271
0.940069 1.13272
0.930215 1.14341
0.919619 1.15322
0.909122 1.16279
0.898322 1.17241
0.888228 1.18258
0.87722 1.19201
0.866323 1.20119
0.855329 1.21026
0.844811 1.22006
0.833622 1.22894
0.822339 1.23772
0.811512 1.24723
0.800258 1.25567
0.788696 1.26414
0.777274 1.27237
0.76605 1.28149
0.754437 1.28952
0.742753 1.29744
0.731463 1.30613
0.719607 1.31384
0.707658 1.32145
0.696106 1.32983
0.683991 1.33722
0.672039 1.34439
0.659784 1.35155
0.648115 1.35941
0.635689 1.36636
0.623437 1.3731
0.611519 1.38063
0.599119 1.38715
0.58665 1.39355
0.574494 1.40077
0.561883 1.40695
0.549207 1.41302
0.537076 1.41981
0.524265 1.42566
0.511636 1.4313
0.498946 1.43683
0.486273 1.44328
0.473473 1.44859
0.460603 1.45378
0.447985 1.45981
0.434997 1.46477
0.421969 1.46962
0.409393 1.47525
0.396255 1.47987
0.383051 1.48437
0.370067 1.48869
0.357268 1.49387
0.343928 1.49803
0.330782 1.50201
0.317814 1.50685
0.304588 1.5106
0.291321 1.51423
0.278013 1.51775
0.264837 1.52213
0.251702 1.52537
0.23827 1.52854
0.225062 1.53155
0.211696 1.53548
0.198427 1.53825
0.184832 1.54095
0.171499 1.5435
0.158221 1.54693
0.144804 1.54925
0.131373 1.55145
0.1179 1.55353
0.104467 1.5565
0.0912139 1.55833
0.0776718 1.56007
0.0640905 1.56169
0.0508009 1.56418
0.0371676 1.56556
0.0237962 1.56682
0.0104057 1.56797
-0.00301832 1.569
-0.0167209 1.57091
-0.0301706 1.57171
-0.0436509 1.57239
-0.0571294 1.57296
-0.0703533 1.57343
-0.0838566 1.57377
-0.0974327 1.57499
-0.110698 1.57511
-0.124239 1.57511
-0.137789 1.57498
-0.151078 1.57477
-0.164373 1.57444
-0.178053 1.57497
-0.191365 1.57441
-0.204665 1.57375
-0.217983 1.57297
-0.231302 1.57208
-0.244622 1.57107
-0.257941 1.56995
-0.271242 1.56872
-0.284291 1.56743
-0.297587 1.56598
-0.311089 1.56539
-0.324117 1.56376
-0.337421 1.56197
-0.350437 1.56013
-0.363726 1.55811
-0.376741 1.55604
-0.389731 1.55387
-0.402711 1.55159
-0.415958 1.54913
-0.428914 1.54663
-0.441872 1.54402
-0.454801 1.5413
-0.467454 1.53855
-0.480353 1.53562
-0.493235 1.53259
-0.506115 1.52943
-0.518961 1.52618
-0.531529 1.52291
-0.544336 1.51944
-0.556864 1.51596
-0.569629 1.51228
-0.582114 1.50859
-0.594576 1.50479
-0.606895 1.49987
-0.619302 1.49587
-0.631684 1.49177
-0.64404 1.48757
-0.656368 1.48326
-0.668655 1.47886
-0.680928 1.47435
-0.693171 1.46974
-0.705385 1.46503
-0.717126 1.45932
-0.729269 1.45441
-0.74138 1.44939
-0.753197 1.44442
-0.765241 1.4392
-0.777249 1.43389
-0.788481 1.42775
-0.800411 1.42224
-0.812048 1.41678
-0.823903 1.41108
-0.834968 1.40456
-0.846724 1.39867
-0.858216 1.39283
-0.869654 1.38689
-0.880528 1.38001
-0.892112 1.37375
-0.903433 1.36753
-0.914698 1.36122
-0.925369 1.35399
-0.93654 1.34751
-0.947666 1.34093
-0.958176 1.33344
-0.969204 1.32668
-0.980198 1.31983
-0.990528 1.31209
-1.00141 1.30507
-1.01201 1.29813
-1.02219 1.29014
-1.03291 1.28285
-1.04273 1.27488
-1.05336 1.26741
-1.06392 1.25987
-1.07356 1.25166
-1.08401 1.24395
-1.09354 1.23559
-1.10388 1.2277
-1.11328 1.21919
-1.12349 1.21114
-1.13276 1.20248
-1.14286 1.19427
-1.152 1.18546
-1.16177 1.17729
-1.17099 1.16812
-1.18064 1.15979
-1.1895 1.1507
-1.19902 1.14222
-1.20796 1.13277
-1.21736 1.12413
-1.22596 1.11475
-1.23449 1.1053
-1.24369 1.09645
-1.25207 1.08687
-1.26113 1.07788
-1.26937 1.06816
-1.27754 1.05838
-1.2864 1.04917
-1.29442 1.03926
-1.30237 1.02929
-1.31102 1.01987
-1.31882 1.00977
-1.32653 0.999616
-1.33497 0.989994
-1.34254 0.979713
-1.35002 0.969373
-1.35743 0.958976
-1.36557 0.949094
-1.37265 0.938826
-1.37982 0.928256
-1.38691 0.917632
-1.39476 0.907499
-1.40168 0.89676
-1.40838 0.886208
-1.41513 0.87538
-1.42182 0.864486
-1.42927 0.854054
-1.43564 0.843296
-1.44208 0.832246
-1.44843 0.821146
-1.45455 0.81026
-1.46073 0.799065
-1.46682 0.787824
-1.47358 0.777252
-1.4795 0.765913
-1.48534 0.754527
-1.49096 0.743366
-1.49663 0.731894
-1.5022 0.720378
-1.50756 0.709091
-1.51296 0.697493
-1.51828 0.685853
-1.52338 0.674431
-1.52852 0.662712
-1.53356 0.650953
-1.5384 0.639434
-1.54327 0.6276
-1.54804 0.615729
-1.55262 0.604086
-1.55721 0.59216
-1.56171 0.580183
-1.56602 0.568438
-1.57034 0.556395
-1.57457 0.544318
-1.57766 0.532174
-1.5817 0.520042
-1.58565 0.507879
-1.58942 0.495957
-1.59318 0.483735
-1.59685 0.471486
-1.60042 0.459224
-1.60286 0.446924
-1.60624 0.434601
-1.60953 0.422252
-1.61273 0.409879
-1.61576 0.397772
-1.61779 0.385119
-1.6207 0.372683
-1.62352 0.360226
-1.62624 0.347747
-1.62782 0.335322
-1.63035 0.322811
-1.63278 0.310297
-1.63413 0.297569
-1.63637 0.28501
-1.63851 0.272434
-1.64055 0.259843
-1.64151 0.247087
-1.64336 0.234473
-1.64511 0.221845
-1.64577 0.209078
-1.64733 0.196432
-1.6478 0.183665
-1.64916 0.171004
-1.65042 0.158334
-1.65059 0.145566
-1.65166 0.132885
-1.65164 0.120124
-1.65251 0.107437
-1.65231 0.0944038
-1.65298 0.0817115
-1.65356 0.0690145
-1.65304 0.0562793
-1.65343 0.043301
-1.65272 0.0305831
-1.6529 0.0178895
-1.65199 0.00491098
-1.65198 -0.00777664
-1.65087 -0.0207482
-1.64966 -0.0334058
-1.64935 -0.0463543
-1.64794 -0.0589844
-1.64743 -0.0719352
-1.64583 -0.0845173
-1.64512 -0.0974507
-1.6433 -0.110295
-1.64141 -0.122838
-1.64039 -0.135735
-1.63828 -0.148518
-1.63707 -0.161373
-1.63478 -0.173835
-1.63237 -0.186566
-1.63086 -0.199374
-1.62825 -0.212057
-1.62554 -0.224695
-1.62373 -0.237449
-1.62083 -0.250051
-1.61783 -0.262607
-1.61473 -0.275147
-1.61252 -0.287813
-1.60917 -0.300569
-1.60578 -0.313
-1.60229 -0.325413
-1.59969 -0.337981
-1.59594 -0.350601
-1.59217 -0.362896
-1.58823 -0.375439
-1.58523 -0.387895
-1.5811 -0.400366
-1.57693 -0.412528
-1.57261 -0.424916
-1.56818 -0.437246
-1.5647 -0.449559
-1.56008 -0.461825
-1.55536 -0.474045
-1.55056 -0.486205
-1.54565 -0.498333
-1.54065 -0.510414
-1.53556 -0.522447
-1.53131 -0.534761
-1.52603 -0.546702
-1.52065 -0.558578
-1.51518 -0.570419
-1.50962 -0.582208
-1.50387 -0.594199
-1.49812 -0.605881
-1.49228 -0.617509
-1.48625 -0.629335
-1.48023 -0.640852
-1.474 -0.652578
-1.46769 -0.66423
-1.4614 -0.675575
-1.45491 -0.687108
-1.44833 -0.698581
-1.44164 -0.710006
-1.43488 -0.721354
-1.42803 -0.732639
-1.42108 -0.743875
-1.41405 -0.755032
-1.40693 -0.766123
-1.39972 -0.777163
-1.39243 -0.788122
-1.38491 -0.799263
-1.37745 -0.810085
-1.36975 -0.821085
-1.36212 -0.831768
-1.35426 -0.842625
-1.34646 -0.853166
-1.33842 -0.863878
-1.3303 -0.874514
-1.3221 -0.885061
-1.31314 -0.89476
-1.30478 -0.905149
-1.29633 -0.915474
-1.28765 -0.92594
-1.27903 -0.936108
-1.27034 -0.946196
-1.26157 -0.956204
-1.25256 -0.966344
-1.24284 -0.975572
-1.23368 -0.985538
-1.2246 -0.995211
-1.21527 -1.00501
-1.20587 -1.01472
-1.19657 -1.02414
-1.18626 -1.03302
-1.17663 -1.04246
-1.16693 -1.05181
-1.15715 -1.06108
-1.14731 -1.07026
-1.13648 -1.07884
-1.12648 -1.08784
-1.11643 -1.09673
-1.1061 -1.10573
-1.09591 -1.11443
-1.08476 -1.12251
-1.07423 -1.13121
-1.06384 -1.13962
-1.05317 -1.14813
-1.04177 -1.15579
-1.03099 -1.16408
-1.02013 -1.17228
-1.00921 -1.18039
-0.997376 -1.18779
-0.986344 -1.19567
-0.975239 -1.20346
-0.963868 -1.21131
-0.952025 -1.2181
-0.940537 -1.22573
-0.928989 -1.23325
-0.917382 -1.24067
-0.905129 -1.24717
-0.893413 -1.25436
-0.881629 -1.26145
-0.869236 -1.26759
-0.857362 -1.27445
-0.845435 -1.2812
-0.833237 -1.28797
-0.820657 -1.29366
-0.808362 -1.3002
-0.796003 -1.30663
-0.783317 -1.31194
-0.770881 -1.31813
-0.758384 -1.32421
-0.745839 -1.33017
-0.732782 -1.33513
-0.720156 -1.34084
-0.707258 -1.34656
-0.694101 -1.35114
-0.681125 -1.35661
-0.668339 -1.36184
-0.654849 -1.36616
-0.64176 -1.37126
-0.628867 -1.37612
-0.615296 -1.38005
-0.602107 -1.38476
-0.588646 -1.38945
-0.575386 -1.39391
-0.561722 -1.39732
-0.548409 -1.40153
-0.534812 -1.4057
-0.520854 -1.4088
-0.507463 -1.41262
-0.49379 -1.41639
-0.479785 -1.41909
-0.46607 -1.4226
-0.452347 -1.42597
-0.438601 -1.42921
-0.424536 -1.43137
-0.4105 -1.43442
-0.396704 -1.43726
-0.382374 -1.43907
-0.368539 -1.44164
-0.354444 -1.44414
-0.340107 -1.44553
-0.325994 -1.44775
-0.311885 -1.44983
-0.297752 -1.45178
-0.283418 -1.45261
-0.269278 -1.45428
-0.25487 -1.45586
-0.24072 -1.45725
-0.226164 -1.45756
-0.211769 -1.45871
-0.197623 -1.45968
-0.183088 -1.45956
-0.168705 -1.46029
-0.154325 -1.46087
-0.139687 -1.46134
-0.125303 -1.46164
-0.110866 -1.4608
-0.0962599 -1.46083
-0.0819273 -1.4607
-0.0673439 -1.46045
-0.0527368 -1.45905
-0.0381905 -1.4585
-0.0239231 -1.4578
-0.00914841 -1.45697
0.00533065 -1.45599
0.0197896 -1.45387
0.034231 -1.4526
0.0488955 -1.45118
0.0632886 -1.44962
0.0779014 -1.44791
0.0921769 -1.44506
0.106737 -1.44306
0.121251 -1.44091
0.135732 -1.43861
0.15018 -1.43617
0.164606 -1.43358
0.179224 -1.43082
0.19344 -1.42695
0.207727 -1.42393
0.222227 -1.42072
0.236684 -1.41737
0.250841 -1.41392
0.265206 -1.41028
0.279508 -1.4065
0.293775 -1.40256
0.307991 -1.39849
0.322153 -1.39427
0.336498 -1.38984
0.350536 -1.38534
0.364531 -1.38069
0.378701 -1.37583
0.392577 -1.3709
0.406623 -1.36575
0.420618 -1.36046
0.434533 -1.35503
0.448382 -1.34946
0.46216 -1.34374
0.475868 -1.33789
0.489518 -1.33189
0.503081 -1.32576
0.516794 -1.3194
0.530218 -1.31298
0.543551 -1.30644
0.557027 -1.29966
0.570433 -1.29274
0.583523 -1.28579
0.59676 -1.27859
0.610343 -1.27216
0.623402 -1.2647
0.636384 -1.2571
0.649274 -1.24936
0.66206 -1.2415
0.674974 -1.23339
0.688071 -1.22613
0.700591 -1.21787
0.71322 -1.20935
0.725529 -1.20084
0.738479 -1.19292
0.750607 -1.18414
0.76283 -1.17511
0.774947 -1.16596
0.787517 -1.1575
0.799435 -1.14809
0.81123 -1.13856
0.823501 -1.12971
0.835078 -1.11993
0.846541 -1.11004
0.858502 -1.10081
0.869738 -1.09068
0.881683 -1.08105
0.892688 -1.07067
0.903571 -1.06019
0.915168 -1.0502
0.925823 -1.03948
0.937191 -1.02924
0.947591 -1.01831
0.958734 -1.00782
0.969055 -0.99651
0.97978 -0.985967
0.989854 -0.974428
1.00051 -0.963481
1.01031 -0.951742
1.02072 -0.940571
1.03025 -0.928627
1.0404 -0.917239
1.05042 -0.905749
1.05956 -0.893495
1.06931 -0.881797
1.07895 -0.869982
1.08767 -0.857442
1.09702 -0.845437
1.1064 -0.83313
1.11469 -0.820317
1.12364 -0.808017
1.13246 -0.795609
1.14045 -0.782344
1.14898 -0.769763
1.15738 -0.757079
1.16576 -0.744104
1.17387 -0.731247
1.18099 -0.717771
1.18893 -0.704535
1.19661 -0.691415
1.20426 -0.678006
1.21163 -0.66473
1.21898 -0.651155
1.22607 -0.637707
1.23312 -0.623972
1.239 -0.609942
1.24574 -0.596064
1.25222 -0.582325
1.25865 -0.568302
1.26482 -0.554435
1.27093 -0.540273
1.2768 -0.52626
1.2826 -0.511966
1.28815 -0.497826
1.29448 -0.483991
1.2998 -0.469501
1.30489 -0.455175
1.30989 -0.440571
1.31466 -0.426149
1.31933 -0.411439
1.32378 -0.396901
1.32813 -0.38209
1.33321 -0.367737
1.33718 -0.353049
1.34104 -0.338092
1.34468 -0.32332
1.34815 -0.308523
1.35249 -0.293657
1.35564 -0.278762
1.35862 -0.263847
1.36144 -0.248887
1.36512 -0.233833
1.36761 -0.218817
1.36993 -0.20376
1.37308 -0.188829
1.37507 -0.173714
1.37789 -0.158693
1.37955 -0.14354
1.38105 -0.128357
1.38337 -0.113253
1.38453 -0.0980294
1.38653 -0.0828672
1.38735 -0.0676112
1.389 -0.0526343
1.3895 -0.0373522
1.38982 -0.0220795
1.39098 -0.00704576
1.39198 0.00826132
1.3918 0.023565
1.39246 0.0386518
1.39196 0.0537172
1.39229 0.0690685
1.39146 0.0841303
1.39146 0.0992532
1.39129 0.114629
1.38996 0.129677
1.38947 0.144814
1.38783 0.15984
1.38701 0.174974
1.38602 0.190108
1.38388 0.205094
1.38257 0.220214
1.38109 0.23533
1.37949 0.250199
1.37671 0.265112
1.37479 0.279953
1.37265 0.295023
1.37041 0.309841
1.36698 0.324652
1.36441 0.339427
1.36169 0.354186
1.35881 0.368925
1.3557 0.38388
1.35153 0.398291
1.34825 0.412715
1.34473 0.427347
1.34105 0.441953
1.33722 0.456529
1.33322 0.471072
1.32916 0.485351
1.32485 0.499826
1.32048 0.514035
1.31502 0.527835
1.31025 0.542188
1.30542 0.556271
1.30044 0.570312
1.29531 0.58431
1.29003 0.598263
1.28459 0.612169
1.27912 0.625803
1.27339 0.639612
1.26751 0.65337
1.2616 0.666856
1.25543 0.680507
1.24923 0.693883
1.24288 0.707204
1.2364 0.720469
1.22977 0.733674
1.22386 0.747342
1.21695 0.760434
1.2099 0.773464
1.20271 0.786428
1.19551 0.799118
1.18805 0.81195
1.18059 0.824508
1.17285 0.837202
1.16512 0.849621
1.15726 0.861969
1.15007 0.874851
1.14195 0.88706
1.13369 0.899196
1.12531 0.911255
1.1168 0.923237
1.10832 0.934947
1.10032 0.947422
1.09159 0.958982
1.08257 0.970651
1.0736 0.982047
1.0645 0.993361
1.05602 1.00528
1.04668 1.01643
1.03723 1.0275
1.02766 1.03848
1.01816 1.04919
1.00905 1.06072
0.999315 1.07126
0.989283 1.08188
0.97933 1.09225
0.969928 1.10327
0.959751 1.11345
0.949468 1.12354
0.93908 1.13354
0.929218 1.14422
0.918613 1.15403
0.908107 1.16358
0.8973 1.17319
0.887196 1.18335
0.876179 1.19277
0.865274 1.20194
0.854273 1.21101
0.843745 1.2208
0.832549 1.22967
0.82126 1.23844
0.810424 1.24794
0.799165 1.25637
0.787596 1.26483
0.776154 1.27305
0.764922 1.28216
0.753315 1.29018
0.741611 1.29809
0.730326 1.30676
0.718464 1.31446
0.706508 1.32206
0.694949 1.33043
0.682827 1.33782
0.67087 1.34497
0.658608 1.35213
0.646932 1.35997
0.6345 1.36692
0.622242 1.37364
0.610317 1.38116
0.597912 1.38767
0.585437 1.39406
0.573275 1.40127
0.560659 1.40744
0.548218 1.4134
0.535827 1.42029
0.523011 1.42612
0.51039 1.43175
0.497696 1.43727
0.485017 1.44371
0.472213 1.449
0.459338 1.45418
0.4467 1.4602
0.433722 1.46515
0.42094 1.46992
0.40811 1.4756
0.394967 1.48021
0.382012 1.48464
0.368771 1.48901
0.355968 1.49418
0.342879 1.49827
0.329475 1.50229
0.316503 1.50713
0.303274 1.51086
0.290003 1.51448
0.276693 1.51799
0.263771 1.52232
0.250374 1.52559
0.23694 1.52875
0.22373 1.53175
0.21036 1.53566
0.197073 1.53843
0.183769 1.54108
0.170156 1.54365
0.156875 1.54707
0.143456 1.54937
0.130023 1.55156
0.116548 1.55363
0.103393 1.55657
0.0898581 1.55841
0.0762989 1.56014
0.0629973 1.56173
0.0494244 1.56422
0.0360717 1.56558
0.0224328 1.56684
0.00902588 1.56797
-0.00438333 1.56899
-0.0178205 1.5709
-0.0312708 1.57169
-0.0447358 1.57236
-0.0582305 1.57292
-0.0717223 1.57337
-0.0852258 1.57369
-0.0988029 1.5749
-0.112068 1.57502
-0.12561 1.575
-0.138891 1.57489
-0.152448 1.57464
-0.165742 1.5743
-0.179155 1.57484
-0.192467 1.57428
-0.20605 1.57357
-0.219367 1.57278
-0.23267 1.57187
-0.245989 1.57086
-0.259306 1.56973
-0.27234 1.56853
-0.285654 1.56718
-0.299152 1.56669
-0.312185 1.56517
-0.325493 1.56348
-0.338515 1.56173
-0.35181 1.55982
-0.364817 1.55785
-0.378094 1.55571
-0.391083 1.55353
-0.40406 1.55124
-0.417042 1.54884
-0.429997 1.54633
-0.442937 1.54371
-0.45588 1.54098
-0.468792 1.53815
-0.481688 1.53521
-0.494583 1.53215
-0.507445 1.52899
-0.520029 1.52582
-0.532853 1.52244
-0.545399 1.51906
-0.558183 1.51547
-0.570687 1.51188
-0.583426 1.50808
-0.595885 1.50428
-0.607945 1.49944
-0.620603 1.49533
-0.632981 1.49122
-0.645333 1.48701
-0.657659 1.48269
-0.669956 1.47827
-0.682225 1.47375
-0.69445 1.46914
-0.706659 1.46441
-0.718395 1.45869
-0.730534 1.45377
-0.74238 1.44888
-0.754453 1.44376
-0.766493 1.43854
-0.778238 1.43335
-0.789723 1.42706
-0.801406 1.42168
-0.813294 1.41607
-0.82489 1.4105
-0.83619 1.40383
-0.847703 1.39808
-0.859427 1.39208
-0.87086 1.38614
-0.881728 1.37925
-0.893073 1.37312
-0.90439 1.36689
-0.915896 1.36042
-0.926546 1.35319
-0.937712 1.34669
-0.948845 1.3401
-0.959336 1.33261
-0.970371 1.32583
-0.981108 1.31915
-0.991446 1.3114
-1.00232 1.30437
-1.01316 1.29724
-1.02331 1.28925
-1.03381 1.28213
-1.04384 1.27397
-1.05446 1.2665
-1.0648 1.25913
-1.07465 1.25073
-1.08488 1.24319
-1.09461 1.23464
-1.10495 1.22674
-1.11434 1.21822
-1.12434 1.21035
-1.13381 1.20149
-1.14369 1.19347
-1.15303 1.18446
-1.16279 1.17628
-1.17179 1.16731
-1.18144 1.15898
-1.19051 1.14966
-1.20003 1.14117
-1.20876 1.13192
-1.21815 1.12328
-1.22693 1.11368
-1.23545 1.10423
-1.24464 1.09537
-1.25302 1.08578
-1.26208 1.07677
-1.27031 1.06705
-1.27847 1.05726
-1.28733 1.04804
-1.29534 1.03812
-1.30326 1.02816
-1.31191 1.01873
-1.31969 1.00863
-1.3274 0.998461
-1.33583 0.988833
-1.34339 0.978544
-1.3507 0.968428
-1.35892 0.958602
-1.36624 0.948138
-1.37347 0.937631
-1.38063 0.927055
-1.38771 0.916425
-1.39539 0.906522
-1.40231 0.895779
-1.40915 0.884983
-1.4159 0.874135
-1.42242 0.863491
-1.42987 0.853054
-1.43638 0.842047
-1.4428 0.830991
-1.449 0.820132
-1.45525 0.808995
-1.46142 0.797794
-1.46737 0.786797
-1.47425 0.77597
-1.48017 0.764625
-1.48586 0.753502
-1.49161 0.742069
-1.49726 0.730592
-1.50271 0.719327
-1.50819 0.707765
-1.51358 0.696161
-1.51876 0.68479
-1.52397 0.673105
-1.52909 0.661382
-1.53401 0.649895
-1.53896 0.638095
-1.54381 0.626257
-1.54847 0.614645
-1.55315 0.602735
-1.55773 0.590789
-1.56212 0.57909
-1.56652 0.567076
-1.57083 0.555028
-1.57495 0.543216
-1.57813 0.530785
-1.58215 0.518666
-1.586 0.506769
-1.58985 0.494574
-1.5936 0.482349
-1.59717 0.470384
-1.60074 0.458104
-1.60325 0.445529
-1.60662 0.433203
-1.60983 0.421125
-1.61302 0.40875
-1.61611 0.39635
-1.61813 0.383695
-1.62103 0.371273
-1.62377 0.359089
-1.62648 0.346608
-1.62811 0.333906
-1.63063 0.321392
-1.63305 0.30886
-1.63439 0.296131
-1.63656 0.283864
-1.6387 0.271287
-1.64073 0.258694
-1.64168 0.245938
-1.64352 0.233322
-1.64427 0.220561
-1.64592 0.207926
-1.64747 0.195279
-1.64792 0.182511
-1.64928 0.16985
-1.65053 0.157179
-1.65072 0.14413
-1.65178 0.131448
-1.65174 0.118687
-1.6526 0.105999
-1.65237 0.0932472
-1.65304 0.0805544
-1.65362 0.0675758
-1.65309 0.0548411
-1.65346 0.0421436
-1.65274 0.0291452
-1.65292 0.0164515
-1.652 0.00375459
-1.65197 -0.00923038
-1.65085 -0.0219038
-1.64963 -0.034841
-1.64932 -0.0475089
-1.64789 -0.0604181
-1.64738 -0.0730719
-1.64576 -0.0859656
-1.64503 -0.0988823
-1.64323 -0.111445
-1.6413 -0.124265
-1.64028 -0.137162
-1.63818 -0.149665
-1.63596 -0.162421
-1.63463 -0.175274
-1.63221 -0.187986
-1.63068 -0.200793
-1.62806 -0.213474
-1.62535 -0.226109
-1.62352 -0.238877
-1.62061 -0.251461
-1.6176 -0.264014
-1.61449 -0.276551
-1.61226 -0.289216
-1.60896 -0.301696
-1.60551 -0.314397
-1.60201 -0.326807
-1.59939 -0.339373
-1.5957 -0.351718
-1.59185 -0.364281
-1.58797 -0.37655
-1.58489 -0.38929
-1.58082 -0.401473
-1.57657 -0.4139
-1.57223 -0.426284
-1.56788 -0.438344
-1.56431 -0.45092
-1.55968 -0.463182
-1.55495 -0.475398
-1.55022 -0.48729
-1.5453 -0.499415
-1.54029 -0.511492
-1.53519 -0.523522
-1.52999 -0.535502
-1.52565 -0.547755
-1.52016 -0.559916
-1.51468 -0.571752
-1.50911 -0.583521
-1.50345 -0.595252
-1.49759 -0.607199
-1.49174 -0.618807
-1.48569 -0.630642
-1.47966 -0.642154
-1.47344 -0.65386
-1.46723 -0.665257
-1.46081 -0.676846
-1.45431 -0.688374
-1.44771 -0.699855
-1.44115 -0.711015
-1.43438 -0.722359
-1.42751 -0.733639
-1.42057 -0.744856
-1.41352 -0.756021
-1.40626 -0.767361
-1.39904 -0.77838
-1.39174 -0.789333
-1.38436 -0.800218
-1.37674 -0.811283
-1.36919 -0.82203
-1.3614 -0.832953
-1.35367 -0.843573
-1.34571 -0.854338
-1.33767 -0.865042
-1.32969 -0.875431
-1.32065 -0.885429