0.340509 -0.204114
0.348103 -0.178059
0.355025 -0.151504
0.359253 -0.123843
0.361592 -0.0955355
0.36192 -0.0666196
0.360069 -0.0373372
0.356914 -0.00785171
0.350326 0.0217338
0.342182 0.0512615
0.330383 0.0802943
0.316863 0.108733
0.300573 0.136219
0.28241 0.162852
0.261524 0.187855
0.238021 0.210879
0.212811 0.232242
0.185278 0.25103
0.156356 0.267681
0.126025 0.282132
0.0942063 0.293239
0.0615633 0.301785
0.0281293 0.306713
-0.00555358 0.30895
-0.039355 0.3085
-0.0727501 0.304428
-0.10569 0.297801
-0.137484 0.287853
-0.168333 0.275668
-0.197522 0.260603
-0.225405 0.243756
-0.251265 0.224577
-0.274883 0.203478
-0.296213 0.18074
-0.316077 0.157176
-0.333674 0.132448
-0.348995 0.106899
-0.361131 0.0805257
-0.3721 0.0540176
-0.381022 0.0273136
-0.388 0.000474431
-0.392118 -0.0263181
-0.395467 -0.0529769
-0.396154 -0.0792316
-0.395247 -0.105169
-0.392835 -0.130677
-0.388982 -0.155738
-0.383742 -0.180329
-0.376277 -0.20396
-0.368481 -0.2274
-0.358624 -0.249715
-0.346914 -0.270649
-0.334939 -0.291465
-0.321274 -0.310793
-0.307409 -0.330001
-0.291366 -0.346865
-0.275191 -0.363601
-0.257766 -0.378577
-0.2398 -0.392551
-0.221227 -0.405589
-0.202095 -0.417676
-0.182136 -0.427845
-0.161749 -0.437028
-0.140749 -0.444236
-0.119686 -0.451403
-0.0981312 -0.456573
-0.0762724 -0.460729
-0.0540455 -0.462855
-0.03179 -0.463912
-0.00931144 -0.463907
0.013171 -0.462813
0.0357704 -0.45961
0.0583685 -0.456282
0.0806117 -0.449834
0.102893 -0.443213
0.124739 -0.434447
0.146256 -0.424512
0.167363 -0.413407
0.188058 -0.401102
0.20772 -0.386747
0.226768 -0.371216
0.245048 -0.354559
0.262536 -0.336755
0.27841 -0.317131
0.293315 -0.296404
0.307087 -0.274666
0.319668 -0.251916
0.33098 -0.228158
0.340935 -0.203402
0.348507 -0.177269
0.35442 -0.150371
0.359534 -0.123027
0.361824 -0.0946529
0.362081 -0.0657364
0.360159 -0.0364585
0.356932 -0.00697726
0.350264 0.022712
0.341049 0.0520661
0.330157 0.0812165
0.316539 0.109673
0.300144 0.137163
0.281925 0.163689
0.260122 0.188089
0.237357 0.211626
0.21204 0.232947
0.184445 0.251643
0.155421 0.268225
0.125091 0.282548
0.0932322 0.29355
0.0605097 0.301998
0.0270587 0.306809
-0.00663177 0.308929
-0.040379 0.308368
-0.0738121 0.304172
-0.106678 0.297449
-0.138436 0.287396
-0.169247 0.275108
-0.198339 0.259982
-0.226169 0.243047
-0.251931 0.22383
-0.275486 0.202661
-0.297573 0.180428
-0.316514 0.156294
-0.33402 0.131573
-0.349256 0.106044
-0.362304 0.0798559
-0.372221 0.0531728
-0.381083 0.0264486
-0.388 -0.000406415
-0.392062 -0.0271415
-0.395356 -0.0538033
-0.395988 -0.0800594
-0.395045 -0.105927
-0.392583 -0.131431
-0.388682 -0.156484
-0.383395 -0.181065
-0.375919 -0.204618
-0.368083 -0.228044
-0.358232 -0.250278
-0.34723 -0.271869
-0.334428 -0.292051
-0.32145 -0.312048
-0.306831 -0.330539
-0.290758 -0.347374
-0.27462 -0.364033
-0.257171 -0.378981
-0.239184 -0.392926
-0.220589 -0.405936
-0.201439 -0.417993
-0.181464 -0.42813
-0.161063 -0.437281
-0.140052 -0.444456
-0.118977 -0.45159
-0.0974142 -0.456727
-0.0753871 -0.459862
-0.0533975 -0.462931
-0.0310615 -0.463961
-0.00858299 -0.463921
0.0138977 -0.462791
0.0364918 -0.459553
0.0589563 -0.455198
0.0813179 -0.449707
0.103668 -0.443033
0.125421 -0.43425
0.146994 -0.424257
0.168083 -0.413115
0.18876 -0.400773
0.208392 -0.386385
0.227417 -0.370818
0.245668 -0.35413
0.262505 -0.33551
0.279018 -0.316596
0.293884 -0.29584
0.307614 -0.274076
0.320193 -0.251247
0.331456 -0.227466
0.340502 -0.202175
0.348878 -0.176536
0.35476 -0.149566
0.358865 -0.121889
0.362038 -0.0938313
0.36224 -0.0648527
0.360248 -0.035576
0.355949 -0.00602863
0.350204 0.0236289
0.340902 0.0530181
0.329929 0.0821383
0.316212 0.110612
0.299735 0.138053
0.280546 0.164069
0.25953 0.188906
0.236654 0.212412
0.211266 0.233649
0.183609 0.252253
0.154532 0.268738
0.123702 0.282067
0.0922071 0.293874
0.0595068 0.302197
0.0260399 0.306897
-0.00770988 0.308904
-0.041455 0.308225
-0.0748215 0.303926
-0.107665 0.297093
-0.13939 0.286935
-0.17011 0.274575
-0.199764 0.260151
-0.22689 0.242374
-0.252592 0.223084
-0.27605 0.201892
-0.298075 0.179597
-0.316923 0.155464
-0.33434 0.130757
-0.349514 0.105192
-0.362484 0.0790333
-0.373331 0.0524669
-0.381142 0.0255835
-0.387998 -0.00121732
-0.392004 -0.0279609
-0.395252 -0.0545622
-0.395834 -0.0808195
-0.394823 -0.106753
-0.393278 -0.132504
-0.388381 -0.15723
-0.383077 -0.181736
-0.37644 -0.205752
-0.367685 -0.228684
-0.357793 -0.250904
-0.346753 -0.272476
-0.333969 -0.292576
-0.320957 -0.312555
-0.306312 -0.33102
-0.290853 -0.348598
-0.274048 -0.364464
-0.256576 -0.379385
-0.238566 -0.393302
-0.219952 -0.406282
-0.200854 -0.418275
-0.180792 -0.428415
-0.160451 -0.437506
-0.139354 -0.444676
-0.118349 -0.451755
-0.0966971 -0.456879
-0.0747478 -0.459966
-0.0526705 -0.463014
-0.0303332 -0.46401
-0.00793814 -0.463932
0.0146242 -0.462769
0.0372134 -0.459496
0.059671 -0.455105
0.0821048 -0.449564
0.104364 -0.442869
0.126181 -0.43403
0.14766 -0.424025
0.168805 -0.412821
0.189033 -0.399538
0.209068 -0.38602
0.228062 -0.370422
0.246288 -0.3537
0.263149 -0.335005
0.279625 -0.31606
0.294451 -0.295275
0.30814 -0.273485
0.320675 -0.250632
0.331933 -0.226769
0.340923 -0.201463
0.349246 -0.175807
0.355099 -0.148761
0.359141 -0.121074
0.362266 -0.0929476
0.362398 -0.063965
0.36034 -0.0346322
0.355964 -0.00509612
0.350141 0.0245456
0.340752 0.05397
0.329684 0.0831168
0.315882 0.11155
0.299325 0.138942
0.28003 0.16495
0.258902 0.189765
0.235948 0.213196
0.209822 0.233604
0.182772 0.252861
0.153593 0.269275
0.122765 0.282476
0.091181 0.294194
0.0584517 0.302403
0.0249687 0.306986
-0.00873539 0.308876
-0.042475 0.308086
-0.0758271 0.303676
-0.108648 0.296735
-0.14029 0.286496
-0.170972 0.27404
-0.200535 0.259557
-0.227606 0.241701
-0.253216 0.222375
-0.277421 0.201709
-0.298575 0.178765
-0.318228 0.155071
-0.334682 0.129881
-0.349788 0.104276
-0.362676 0.0781486
-0.373458 0.0515558
-0.381199 0.0247183
-0.387994 -0.00209807
-0.392942 -0.0288572
-0.395136 -0.0553922
-0.395663 -0.0816506
-0.395582 -0.107773
-0.393023 -0.133259
-0.389031 -0.158286
-0.382727 -0.182471
-0.37608 -0.20641
-0.367285 -0.229327
-0.357356 -0.251526
-0.346325 -0.27302
-0.33346 -0.293156
-0.320412 -0.313113
-0.305791 -0.3315
-0.290306 -0.349054
-0.273475 -0.364894
-0.255976 -0.37979
-0.237949 -0.393676
-0.219314 -0.406627
-0.200197 -0.41859
-0.180197 -0.428666
-0.159764 -0.437757
-0.138731 -0.44487
-0.11764 -0.45194
-0.0960574 -0.457014
-0.0740257 -0.460083
-0.0519436 -0.463096
-0.0296045 -0.464057
-0.00720988 -0.463944
0.0153508 -0.462745
0.0379346 -0.459437
0.0603853 -0.455011
0.0828104 -0.449435
0.105059 -0.442705
0.126862 -0.433832
0.148402 -0.423766
0.169453 -0.412555
0.18966 -0.399241
0.209743 -0.385654
0.22871 -0.370022
0.246963 -0.353229
0.263735 -0.334544
0.280232 -0.315522
0.295018 -0.294709
0.308713 -0.272837
0.321156 -0.250016
0.331541 -0.225569
0.341346 -0.200746
0.34875 -0.174566
0.355411 -0.148014
0.359415 -0.120258
0.361523 -0.0918173
0.362553 -0.0630806
0.360423 -0.0337528
0.355976 -0.0041634
0.349073 0.0254506
0.3406 0.0549212
0.328482 0.0837901
0.314608 0.112151
0.298887 0.139881
0.27951 0.165829
0.258304 0.190578
0.234538 0.213263
0.209046 0.234299
0.181932 0.253465
0.152698 0.269784
0.121778 0.282903
0.0902038 0.294495
0.057396 0.302605
0.0238972 0.307072
-0.00981334 0.308844
-0.043553 0.307935
-0.0768349 0.303423
-0.109632 0.296373
-0.141683 0.286925
-0.171831 0.273501
-0.201349 0.258926
-0.228323 0.241024
-0.253873 0.221625
-0.278019 0.200884
-0.299042 0.177982
-0.318631 0.15424
-0.335954 0.129363
-0.350041 0.103422
-0.362865 0.0772634
-0.373574 0.0507079
-0.382253 0.0239153
-0.387989 -0.00291285
-0.392881 -0.0296784
-0.39502 -0.0562179
-0.396484 -0.0826141
-0.395374 -0.108533
-0.392766 -0.134013
-0.388727 -0.159033
-0.382409 -0.183137
-0.375683 -0.207132
-0.366885 -0.229966
-0.356916 -0.252151
-0.345847 -0.273626
-0.333749 -0.294341
-0.31992 -0.313616
-0.305214 -0.332032
-0.289757 -0.349509
-0.272898 -0.365325
-0.255937 -0.381021
-0.237846 -0.394905
-0.218675 -0.406971
-0.199539 -0.418903
-0.179523 -0.428948
-0.159076 -0.438008
-0.138032 -0.445088
-0.116926 -0.452125
-0.0953396 -0.457164
-0.0732986 -0.460199
-0.0512999 -0.463168
-0.0289548 -0.464098
-0.00647673 -0.463955
0.0160772 -0.462721
0.038656 -0.459376
0.0611042 -0.454915
0.083516 -0.449304
0.105754 -0.442539
0.127617 -0.43361
0.149067 -0.423533
0.170175 -0.412258
0.190355 -0.39891
0.210414 -0.385288
0.22942 -0.369583
0.247006 -0.351977
0.264377 -0.334037
0.280115 -0.314287
0.295583 -0.294142
0.309237 -0.272244
0.32168 -0.249341
0.332012 -0.224875
0.341765 -0.200032
0.349116 -0.173833
0.355744 -0.147211
0.359707 -0.119381
0.36173 -0.0909965
0.36172 -0.0620268
0.36051 -0.0328083
0.355985 -0.00323082
0.349006 0.0263644
0.340446 0.0558723
0.328232 0.0847644
0.314274 0.113084
0.297566 0.140341
0.278987 0.166706
0.257705 0.191388
0.233829 0.21404
0.208268 0.23499
0.181046 0.254099
0.151802 0.270289
0.120839 0.283306
0.0891754 0.294808
0.0563395 0.302803
0.0228806 0.307149
-0.0108386 0.30881
-0.044572 0.307789
-0.0778388 0.303167
-0.110613 0.296008
-0.142583 0.286479
-0.173227 0.273804
-0.202161 0.258292
-0.229769 0.24103
-0.255285 0.221525
-0.278579 0.200107
-0.299538 0.177147
-0.319062 0.153347
-0.336269 0.128543
-0.350293 0.102567
-0.363054 0.0763741
-0.373688 0.0498598
-0.382306 0.0230476
-0.387981 -0.00379357
-0.392818 -0.0304995
-0.394901 -0.0570473
-0.396311 -0.0834426
-0.395165 -0.109292
-0.392508 -0.134767
-0.388421 -0.159779
-0.382057 -0.183871
-0.375322 -0.207785
-0.366482 -0.230608
-0.356476 -0.252772
-0.34537 -0.274227
-0.333233 -0.294924
-0.319371 -0.314175
-0.304693 -0.332511
-0.289145 -0.350016
-0.272262 -0.365799
-0.255339 -0.381422
-0.237226 -0.395278
-0.218036 -0.407314
-0.198881 -0.419216
-0.178849 -0.429229
-0.158463 -0.43823
-0.137334 -0.445304
-0.116297 -0.452287
-0.0946219 -0.457314
-0.0726588 -0.460301
-0.0505725 -0.463248
-0.0282263 -0.464143
-0.00574843 -0.463964
0.0168037 -0.462695
0.0393772 -0.459315
0.0618183 -0.454818
0.0842212 -0.449172
0.106528 -0.442354
0.128298 -0.433409
0.149804 -0.423273
0.170892 -0.411961
0.191052 -0.398576
0.210607 -0.384042
0.229534 -0.368334
0.247622 -0.351545
0.264957 -0.333577
0.280718 -0.313749
0.295437 -0.29287
0.309007 -0.27099
0.321367 -0.248112
0.332484 -0.224178
0.342184 -0.199314
0.349508 -0.173044
0.355153 -0.146023
0.359977 -0.118564
0.361952 -0.09011
0.361871 -0.0611404
0.359593 -0.0318404
0.355993 -0.00229805
0.348931 0.0273389
0.340288 0.0568226
0.327994 0.0856804
0.313937 0.114016
0.297148 0.141223
0.278492 0.167533
0.257102 0.192197
0.233155 0.214773
0.207487 0.23568
0.180203 0.254698
0.150858 0.270817
0.119849 0.283726
0.088146 0.295117
0.055337 0.302988
0.0218055 0.307227
-0.0119163 0.30877
-0.0455936 0.30764
-0.0788964 0.302893
-0.111544 0.295658
-0.143534 0.286004
-0.174086 0.273259
-0.202974 0.257654
-0.230484 0.240346
-0.255942 0.220766
-0.279138 0.199326
-0.300893 0.176817
-0.319461 0.152514
-0.336604 0.127662
-0.351503 0.101987
-0.363226 0.0755498
-0.373809 0.0489478
-0.382353 0.0222484
-0.388973 -0.0046163
-0.392753 -0.0313243
-0.39578 -0.0579502
-0.39615 -0.0842034
-0.394954 -0.11005
-0.392249 -0.135521
-0.388142 -0.160455
-0.382635 -0.184974
-0.374957 -0.208442
-0.36608 -0.231245
-0.356033 -0.253395
-0.34489 -0.274831
-0.33272 -0.295504
-0.318877 -0.314676
-0.30411 -0.333044
-0.288595 -0.350469
-0.271688 -0.366227
-0.25474 -0.381823
-0.236605 -0.39565
-0.217396 -0.407655
-0.198223 -0.419528
-0.178171 -0.429511
-0.157775 -0.438478
-0.136714 -0.445494
-0.115587 -0.452469
-0.0939816 -0.457446
-0.0719359 -0.460414
-0.0498453 -0.463326
-0.0274974 -0.464186
-0.00501989 -0.463973
0.01753 -0.462668
0.0400202 -0.45926
0.0625324 -0.45472
0.0849264 -0.44904
0.107222 -0.442186
0.129056 -0.433184
0.150468 -0.423037
0.171538 -0.411692
0.191746 -0.398243
0.211275 -0.383675
0.230178 -0.367932
0.248296 -0.351068
0.265598 -0.333067
0.28132 -0.313209
0.295999 -0.292303
0.309527 -0.270396
0.321885 -0.247439
0.332951 -0.223482
0.341735 -0.198097
0.349871 -0.172309
0.355483 -0.145216
0.360245 -0.117747
0.362156 -0.089288
0.362019 -0.0602572
0.359675 -0.0308981
0.354997 -0.00136516
0.348858 0.0282523
0.339143 0.0576053
0.327753 0.0865962
0.313617 0.114892
0.296703 0.142156
0.277964 0.168407
0.256497 0.193004
0.232442 0.215545
0.206705 0.236366
0.179357 0.255294
0.14996 0.271315
0.118858 0.284142
0.0871687 0.295408
0.0542761 0.30318
0.0207331 0.307301
-0.0129383 0.308729
-0.046667 0.307479
-0.0801568 0.303597
-0.112522 0.295287
-0.144431 0.285552
-0.174989 0.272681
-0.203736 0.257052
-0.231196 0.239661
-0.256557 0.220051
-0.279693 0.198547
-0.301387 0.175974
-0.31986 0.151676
-0.336938 0.126779
-0.351751 0.10113
-0.364389 0.0748645
-0.373919 0.0480992
-0.382403 0.0213804
-0.388961 -0.00549925
-0.392681 -0.0322158
-0.395658 -0.0587773
-0.395988 -0.0849639
-0.394742 -0.110808
-0.391988 -0.136274
-0.387833 -0.1612
-0.382279 -0.185708
-0.374594 -0.209094
-0.365675 -0.231885
-0.355592 -0.254015
-0.344411 -0.275431
-0.332255 -0.296026
-0.318329 -0.315231
-0.303587 -0.333521
-0.288045 -0.350922
-0.271112 -0.366653
-0.25414 -0.382222
-0.235983 -0.396021
-0.216752 -0.407998
-0.197636 -0.419805
-0.177574 -0.429759
-0.157086 -0.438725
-0.13601 -0.44571
-0.114876 -0.45265
-0.0932632 -0.457593
-0.0712131 -0.460527
-0.049113 -0.463405
-0.0267688 -0.464229
-0.00437498 -0.463979
0.0182565 -0.46264
0.0407411 -0.459196
0.0632461 -0.454622
0.0857121 -0.44889
0.107679 -0.441046
0.129736 -0.432981
0.151208 -0.422773
0.171872 -0.410469
0.192442 -0.397907
0.211946 -0.383305
0.230818 -0.367531
0.248907 -0.350636
0.26618 -0.332602
0.281868 -0.312717
0.296559 -0.291734
0.310045 -0.269802
0.322359 -0.246821
0.33338 -0.222843
0.342148 -0.197382
0.350261 -0.171515
0.355812 -0.144409
0.359561 -0.11662
0.362372 -0.0884041
0.362165 -0.0593737
0.35975 -0.0300204
0.355 -0.00043498
0.348778 0.0292264
0.33898 0.058552
0.327495 0.0875683
0.313275 0.115822
0.29628 0.143036
0.277434 0.16928
0.255855 0.193853
0.231726 0.216315
0.20592 0.237051
0.17851 0.255887
0.149013 0.271837
0.117917 0.284534
0.0861371 0.29571
0.0532177 0.303368
0.0196605 0.307372
-0.0140157 0.308682
-0.0476845 0.307323
-0.0811643 0.303329
-0.113861 0.295846
-0.145375 0.285072
-0.175847 0.272128
-0.204542 0.256411
-0.231905 0.238975
-0.257209 0.219288
-0.280281 0.197715
-0.301845 0.175187
-0.320256 0.150838
-0.337268 0.125899
-0.352015 0.100208
-0.364571 0.0739752
-0.375019 0.0473756
-0.38245 0.0205123
-0.388949 -0.00631216
-0.393609 -0.0331202
-0.395534 -0.059608
-0.395808 -0.0857953
-0.394529 -0.111566
-0.391749 -0.136959
-0.387523 -0.161944
-0.381955 -0.186373
-0.374192 -0.209813
-0.366073 -0.233124
-0.35596 -0.255219
-0.343978 -0.275971
-0.331737 -0.296607
-0.317834 -0.31573
-0.303063 -0.333997
-0.287493 -0.351374
-0.27113 -0.367883
-0.253539 -0.382621
-0.235361 -0.396391
-0.216184 -0.408299
-0.196976 -0.420115
-0.176899 -0.430037
-0.156476 -0.438943
-0.13531 -0.445923
-0.114243 -0.452811
-0.0925447 -0.457738
-0.0704899 -0.460638
-0.0484689 -0.463473
-0.0261188 -0.464266
-0.00364664 -0.463986
0.0189827 -0.462611
0.0414621 -0.459132
0.0639599 -0.454522
0.0864166 -0.448755
0.108447 -0.440858
0.130489 -0.432755
0.151872 -0.422535
0.172586 -0.410169
0.193134 -0.397572
0.212613 -0.382936
0.231461 -0.367126
0.24952 -0.3502
0.266192 -0.331311
0.282467 -0.312175
0.297119 -0.291164
0.310609 -0.269153
0.322877 -0.246143
0.333847 -0.222142
0.342562 -0.196664
0.350619 -0.170782
0.356114 -0.143661
0.359824 -0.115804
0.361615 -0.087285
0.36231 -0.0584863
0.359827 -0.0290778
0.355 0.000495198
0.347704 0.0300532
0.338815 0.0594985
0.327249 0.0884823
0.31293 0.116751
0.295854 0.143914
0.276048 0.169627
0.25445 0.194049
0.231045 0.217042
0.205174 0.237696
0.177091 0.255656
0.148109 0.27233
0.116923 0.284944
0.0851016 0.29601
0.0522133 0.303542
0.018643 0.307435
-0.015096 0.308631
-0.0487568 0.307154
-0.0821679 0.303058
-0.11484 0.295467
-0.146321 0.284588
-0.176701 0.271575
-0.205349 0.255765
-0.232656 0.238244
-0.257857 0.218526
-0.281651 0.197507
-0.302335 0.174341
-0.321556 0.150422
-0.337575 0.125073
-0.352258 0.0993484
-0.364738 0.0731475
-0.375126 0.0465242
-0.382496 0.0196441
-0.388935 -0.00712893
-0.393539 -0.0339467
-0.395408 -0.0604347
-0.395643 -0.086555
-0.395257 -0.112664
-0.392428 -0.138043
-0.387239 -0.162622
-0.381629 -0.187041
-0.373824 -0.210467
-0.365666 -0.233761
-0.355515 -0.255838
-0.344274 -0.2772
-0.33122 -0.297184
-0.317281 -0.316286
-0.302478 -0.334527
-0.286881 -0.351874
-0.270552 -0.368308
-0.252939 -0.383018
-0.234739 -0.39676
-0.215543 -0.408638
-0.196316 -0.420423
-0.176224 -0.430314
-0.155782 -0.43919
-0.13469 -0.44611
-0.113532 -0.45299
-0.0919084 -0.457867
-0.0698449 -0.460736
-0.0477413 -0.463548
-0.0253898 -0.464306
-0.00291343 -0.463991
0.0196303 -0.462584
0.0421828 -0.459066
0.0647506 -0.45441
0.0871211 -0.448619
0.109139 -0.440687
0.131168 -0.432549
0.152607 -0.42227
0.17323 -0.409898
0.19383 -0.397233
0.213283 -0.382563
0.2321 -0.366723
0.250192 -0.34972
0.266768 -0.330847
0.283066 -0.311632
0.297677 -0.290593
0.311125 -0.268556
0.323349 -0.245523
0.333477 -0.220891
0.342972 -0.195947
0.350076 -0.16961
0.356438 -0.142856
0.360106 -0.114925
0.361812 -0.0864639
0.361464 -0.0574451
0.359902 -0.0281349
0.354997 0.0014252
0.347618 0.0310241
0.338648 0.0604443
0.326985 0.0894528
0.311646 0.117326
0.295401 0.144843
0.275514 0.170493
0.253839 0.194848
0.230324 0.217807
0.204385 0.238376
0.176197 0.256272
0.146729 0.27194
0.115977 0.28533
0.0841214 0.29629
0.0511536 0.303722
0.01757 0.307498
-0.0161174 0.308579
-0.0497763 0.306991
-0.0831736 0.302784
-0.11582 0.295084
-0.147214 0.284127
-0.177553 0.271019
-0.206733 0.255934
-0.233361 0.237554
-0.258505 0.217759
-0.282201 0.19672
-0.30282 0.173497
-0.321974 0.149524
-0.338839 0.124536
-0.352501 0.0984851
-0.364916 0.0722536
-0.375231 0.0456725
-0.383538 0.0188248
-0.388917 -0.00801179
-0.393467 -0.0347692
-0.395291 -0.0611937
-0.396437 -0.0875975
-0.395039 -0.113423
-0.392163 -0.138796
-0.387847 -0.163754
-0.381269 -0.187774
-0.374328 -0.211609
-0.365257 -0.2344
-0.355067 -0.25646
-0.343791 -0.277798
-0.33075 -0.297707
-0.316784 -0.316784
-0.301952 -0.335001
-0.286329 -0.352324
-0.269973 -0.368732
-0.252337 -0.383415
-0.234116 -0.397128
-0.215366 -0.409861
-0.195656 -0.420731
-0.175548 -0.43059
-0.155093 -0.439434
-0.13399 -0.446321
-0.11282 -0.453167
-0.0911893 -0.45801
-0.0691216 -0.460845
-0.0470133 -0.463622
-0.0246609 -0.464346
-0.00218485 -0.463995
0.0203567 -0.462552
0.0429036 -0.458999
0.0654686 -0.454307
0.0878253 -0.448482
0.10983 -0.440515
0.13156 -0.431385
0.153004 -0.421063
0.173947 -0.409594
0.194453 -0.396928
0.213948 -0.382191
0.232803 -0.366277
0.2508 -0.349284
0.267403 -0.330334
0.283664 -0.311088
0.298235 -0.290021
0.31164 -0.267958
0.323861 -0.244847
0.333938 -0.220194
0.343383 -0.195226
0.350461 -0.168815
0.356762 -0.142047
0.360366 -0.114107
0.362023 -0.0855772
0.361603 -0.056563
0.35997 -0.0272567
0.354992 0.00235443
0.347536 0.0319341
0.338478 0.0613899
0.32577 0.0900992
0.311297 0.11825
0.294969 0.145719
0.274977 0.171358
0.253226 0.195644
0.229639 0.218529
0.203593 0.239052
0.175346 0.256855
0.145779 0.272451
0.11498 0.285733
0.0830868 0.296581
0.0500933 0.303899
0.0164967 0.307558
-0.0172499 0.30952
-0.0507952 0.306824
-0.0841754 0.302507
-0.116799 0.294698
-0.148156 0.283637
-0.178403 0.27046
-0.207536 0.255284
-0.234768 0.237571
-0.259878 0.217679
-0.282748 0.195932
-0.303273 0.172703
-0.322365 0.14868
-0.339143 0.123706
-0.353704 0.0978914
-0.365091 0.071363
-0.375341 0.0447568
-0.38358 0.0179541
-0.3889 -0.0088246
-0.393393 -0.0355954
-0.395162 -0.0620237
-0.396269 -0.0883585
-0.394821 -0.114181
-0.391896 -0.139549
-0.387532 -0.164498
-0.380942 -0.188437
-0.373957 -0.212264
-0.364846 -0.235039
-0.35462 -0.257077
-0.343304 -0.2784
-0.330232 -0.298282
-0.316935 -0.318046
-0.302094 -0.336219
-0.285772 -0.352776
-0.26939 -0.369158
-0.251735 -0.383811
-0.233492 -0.397495
-0.214723 -0.410199
-0.194995 -0.421038
-0.174945 -0.430836
-0.154402 -0.439677
-0.133289 -0.446531
-0.112186 -0.453325
-0.0904703 -0.458153
-0.0683979 -0.460953
-0.0463642 -0.463688
-0.0239317 -0.464384
-0.0014565 -0.463998
0.0210372 -0.461521
0.0437021 -0.458924
0.0661817 -0.454204
0.0885294 -0.448343
0.110601 -0.440322
0.13231 -0.431155
0.153665 -0.420822
0.17466 -0.409291
0.194702 -0.395692
0.214617 -0.381816
0.233444 -0.365869
0.250885 -0.347991
0.26798 -0.329866
0.28353 -0.309856
0.298791 -0.289447
0.312154 -0.267359
0.323532 -0.243623
0.33436 -0.219553
0.34379 -0.194508
0.350813 -0.168082
0.356153 -0.140869
0.360624 -0.113289
0.362231 -0.0846936
0.36174 -0.0556769
0.359042 -0.0262407
0.354985 0.00328379
0.347445 0.0329044
0.337322 0.0621534
0.325501 0.0910654
0.310945 0.119174
0.293615 0.146199
0.274437 0.172221
0.252575 0.196483
0.228913 0.219289
0.202799 0.239726
0.174494 0.257435
0.144877 0.272932
0.113982 0.286133
0.0820513 0.29687
0.0490324 0.304072
0.0154755 0.307611
-0.0182774 0.309461
-0.0518657 0.306645
-0.0852336 0.302211
-0.117774 0.29431
-0.149512 0.284055
-0.179804 0.270731
-0.208339 0.254629
-0.235472 0.236873
-0.260524 0.216906
-0.283296 0.19514
-0.304624 0.172348
-0.322753 0.147835
-0.339466 0.122817
-0.353941 0.097028
-0.366234 0.0707237
-0.375442 0.0439046
-0.383617 0.0171524
-0.389879 -0.00973232
-0.393318 -0.0364176
-0.396019 -0.0630066
-0.396098 -0.0891191
-0.394601 -0.114939
-0.391627 -0.140301
-0.387245 -0.165172
-0.380579 -0.189168
-0.373549 -0.212982
-0.364436 -0.235674
-0.354169 -0.257698
-0.342867 -0.278938
-0.329763 -0.2988
-0.316435 -0.318543
-0.301509 -0.336744
-0.285217 -0.353224
-0.26881 -0.369581
-0.251132 -0.384206
-0.232864 -0.397864
-0.214078 -0.410536
-0.194406 -0.42131
-0.174268 -0.43111
-0.153791 -0.439891
-0.132664 -0.446717
-0.111474 -0.4535
-0.0898288 -0.458279
-0.0677525 -0.461048
-0.0456363 -0.46376
-0.0232816 -0.464417
-0.000727915 -0.463999
0.0217619 -0.461487
0.0444225 -0.458855
0.0668948 -0.454099
0.0893138 -0.448187
0.111292 -0.440148
0.132987 -0.430947
0.154401 -0.420552
0.175375 -0.408985
0.195394 -0.395351
0.215281 -0.381442
0.23408 -0.365462
0.251494 -0.347551
0.268613 -0.329351
0.284124 -0.309311
0.298627 -0.288179
0.311951 -0.266058
0.324043 -0.242943
0.33482 -0.21885
0.343359 -0.193237
0.351193 -0.167285
0.356472 -0.14006
0.36088 -0.11247
0.362422 -0.0838712
0.361875 -0.0547941
0.359105 -0.0253645
0.353974 0.00426305
0.347358 0.0338139
0.337147 0.0630953
0.325246 0.0919738
0.31059 0.120096
0.29318 0.14707
0.273925 0.173034
0.251957 0.197276
0.228184 0.220048
0.202003 0.240397
0.173639 0.258013
0.143923 0.273436
0.113032 0.28651
0.0810652 0.29714
0.0480226 0.304233
0.0144019 0.307663
-0.0193573 0.309395
-0.0530505 0.307457
-0.0862334 0.301927
-0.118698 0.293939
-0.150454 0.283557
-0.180654 0.270165
-0.209092 0.254011
-0.236173 0.236175
-0.261167 0.216132
-0.283872 0.1943
-0.305104 0.171498
-0.323138 0.146992
-0.339785 0.12193
-0.354178 0.0961606
-0.366405 0.0698299
-0.37554 0.0430523
-0.383655 0.0162816
-0.389857 -0.0105471
-0.393241 -0.0372395
-0.395897 -0.0637668
-0.395911 -0.0899468
-0.39438 -0.115697
-0.391357 -0.141053
-0.386928 -0.165916
-0.381142 -0.19028
-0.373176 -0.213635
-0.364023 -0.236311
-0.353764 -0.258253
-0.342381 -0.279534
-0.32924 -0.299376
-0.315881 -0.319093
-0.30098 -0.337217
-0.284602 -0.35372
-0.268167 -0.370048
-0.250528 -0.384599
-0.232239 -0.398229
-0.213429 -0.410873
-0.193744 -0.421615
-0.173591 -0.431383
-0.1531 -0.440132
-0.131962 -0.446925
-0.110762 -0.453675
-0.089109 -0.45842
-0.0670287 -0.461154
-0.044908 -0.463831
-0.0225525 -0.464453
4.48038e-07 -0.464
0.0224863 -0.461452
0.0451475 -0.458784
0.0676075 -0.453994
0.0898203 -0.447066
0.111983 -0.439972
0.133741 -0.430714
0.155061 -0.420309
0.176017 -0.408709
0.196082 -0.39501
0.215519 -0.380158
0.234179 -0.364211
0.252098 -0.347113
0.269186 -0.328883
0.284718 -0.308765
0.29918 -0.287605
0.312461 -0.265458
0.324509 -0.24232
0.335277 -0.21815
0.343764 -0.192516
0.351542 -0.166551
0.356789 -0.13925
0.360198 -0.111294
0.362625 -0.0829867
0.362017 -0.0538457
0.359171 -0.0244235
0.353962 0.00518974
0.347262 0.0347838
0.336969 0.0640364
0.324971 0.0929384
0.310232 0.121017
0.292717 0.14799
0.27338 0.173894
0.251336 0.198066
0.226774 0.220067
0.200564 0.240298
0.172737 0.258617
0.143015 0.273912
0.112031 0.286903
0.0800277 0.297422
0.0469606 0.304399
0.013328 0.307711
-0.0203813 0.309329
-0.0541231 0.30727
-0.0872354 0.301639
-0.119673 0.293543
-0.151344 0.283083
-0.181504 0.269595
-0.209888 0.253353
-0.236915 0.23543
-0.261769 0.215402
-0.284415 0.193505
-0.305552 0.170698
-0.324434 0.146557
-0.340083 0.121097
-0.354412 0.0952961
-0.366575 0.0689357
-0.376631 0.0423113
-0.383691 0.0154107
-0.389834 -0.0113658
-0.394157 -0.0381616
-0.395763 -0.0645941
-0.395738 -0.0907068
-0.394157 -0.116454
-0.391085 -0.141804
-0.386608 -0.166658
-0.380811 -0.190943
-0.372803 -0.214284
-0.363612 -0.236944
-0.353315 -0.258868
-0.341891 -0.280133
-0.329457 -0.300623
-0.315379 -0.319589
-0.30045 -0.337689
-0.284672 -0.354946
-0.267585 -0.370469
-0.249924 -0.384992
-0.231613 -0.398593
-0.212784 -0.411208
-0.193082 -0.421919
-0.172914 -0.431655
-0.152409 -0.440372
-0.13126 -0.447132
-0.110131 -0.453828
-0.0883893 -0.458559
-0.0663045 -0.461259
-0.0441797 -0.463901
-0.0218232 -0.464488
0.000645399 -0.464
0.0232108 -0.461417
0.0458677 -0.458712
0.0683203 -0.453887
0.0905222 -0.446925
0.112753 -0.439776
0.134417 -0.430503
0.155792 -0.420039
0.176728 -0.408402
0.196773 -0.394666
0.216184 -0.379781
0.234812 -0.363803
0.252764 -0.346628
0.269817 -0.328366
0.28531 -0.308218
0.299731 -0.28703
0.31297 -0.264858
0.325014 -0.241642
0.335734 -0.217445
0.344166 -0.191797
0.351919 -0.165752
0.357104 -0.13844
0.36045 -0.110476
0.361852 -0.0818809
0.362148 -0.0529622
0.359233 -0.0234825
0.353947 0.00611639
0.346169 0.0356508
0.336789 0.0649773
0.324694 0.0939025
0.309872 0.121937
0.292276 0.148858
0.272833 0.174752
0.250678 0.198899
0.226043 0.220818
0.199766 0.240962
0.171879 0.259189
0.142058 0.274409
0.111081 0.287272
0.0789892 0.297699
0.0458979 0.304561
0.0123063 0.307754
-0.0214638 0.309256
-0.055143 0.307088
-0.0882333 0.301348
-0.120647 0.293144
-0.152232 0.282607
-0.182349 0.269024
-0.210685 0.252691
-0.237611 0.234727
-0.262407 0.214624
-0.285782 0.193271
-0.306027 0.169845
-0.324816 0.145706
-0.340399 0.120206
-0.354643 0.0944311
-0.36673 0.0681034
-0.376726 0.0414563
-0.384721 0.0146468
-0.389808 -0.0122508
-0.394076 -0.0389853
-0.395627 -0.065425
-0.395546 -0.0915376
-0.394891 -0.117495
-0.390838 -0.142484
-0.386316 -0.167335
-0.380443 -0.191674
-0.372428 -0.214936
-0.363197 -0.23758
-0.352861 -0.259486
-0.3414 -0.280731
-0.328985 -0.30114
-0.31482 -0.32014
-0.299859 -0.338214
-0.284115 -0.355393
-0.267004 -0.370888
-0.249319 -0.385384
-0.230987 -0.398956
-0.212212 -0.411503
-0.192419 -0.422221
-0.172309 -0.431896
-0.151792 -0.440585
-0.130634 -0.447315
-0.109414 -0.454002
-0.0877473 -0.458682
-0.0656587 -0.461351
-0.0435302 -0.463962
-0.0210941 -0.464521
0.00137863 -0.463998
0.0239353 -0.46138
0.0465879 -0.45864
0.0690327 -0.453779
0.0912236 -0.446782
0.113443 -0.439598
0.135166 -0.430269
0.156527 -0.419766
0.177443 -0.408092
0.197463 -0.394321
0.216845 -0.379404
0.23551 -0.363351
0.253371 -0.346185
0.26981 -0.327075
0.285901 -0.307669
0.300282 -0.286454
0.313478 -0.264256
0.325478 -0.241017
0.335348 -0.216201
0.344566 -0.191077
0.351361 -0.164589
0.357393 -0.137693
0.3607 -0.109658
0.362036 -0.0810592
0.361287 -0.0519325
0.35929 -0.0226059
0.35393 0.00704297
0.346075 0.036557
0.336606 0.0659174
0.324431 0.0948087
0.309487 0.12291
0.291807 0.149775
0.272282 0.175609
0.250052 0.199685
0.22531 0.221566
0.198966 0.241623
0.171018 0.259757
0.141146 0.27488
0.110077 0.287658
0.0780004 0.29796
0.0448865 0.304712
0.0112322 0.307795
-0.022543 0.309179
-0.0561622 0.306904
-0.0892333 0.301054
-0.121617 0.292743
-0.153166 0.282101
-0.183193 0.26845
-0.211432 0.252066
-0.238307 0.234021
-0.263041 0.213846
-0.28632 0.192472
-0.306471 0.169042
-0.325197 0.144855
-0.341635 0.119706
-0.354873 0.0935619
-0.366896 0.0672047
-0.376819 0.0406048
-0.384754 0.0137734
-0.389781 -0.0130655
-0.393994 -0.0398127
-0.3955 -0.0661845
-0.396344 -0.0925242
-0.394665 -0.118253
-0.391502 -0.143579
-0.385994 -0.168076
-0.380107 -0.19234
-0.372014 -0.215651
-0.363619 -0.23876
-0.353211 -0.260697
-0.340959 -0.281267
-0.328457 -0.301715
-0.314317 -0.320634
-0.299327 -0.338684
-0.283556 -0.355838
-0.266421 -0.371307
-0.24871 -0.385778
-0.23036 -0.399318
-0.211566 -0.411836
-0.191756 -0.422523
-0.171631 -0.432166
-0.1511 -0.440823
-0.129932 -0.44752
-0.108701 -0.454173
-0.0870269 -0.458819
-0.0649344 -0.461454
-0.0428018 -0.46403
-0.0203646 -0.464554
0.00210699 -0.463995
0.0246642 -0.461341
0.0473078 -0.458566
0.0697452 -0.45367
0.0920011 -0.446623
0.114133 -0.43942
0.135841 -0.430056
0.157186 -0.419519
0.177756 -0.406864
0.198149 -0.393977
0.217508 -0.379024
0.236145 -0.362939
0.254035 -0.345698
0.270382 -0.326603
0.286439 -0.307169
0.300831 -0.285877
0.314032 -0.263597
0.325981 -0.240336
0.335801 -0.215496
0.344966 -0.190353
0.351734 -0.16379
0.357704 -0.136882
0.360948 -0.108839
0.362234 -0.080172
0.361412 -0.0510508
0.358349 -0.0216042
0.35391 0.00796953
0.345971 0.0375234
0.336421 0.0668573
0.323189 0.0954875
0.308193 0.123455
0.291361 0.15064
0.270891 0.175919
0.249423 0.20047
0.224613 0.222273
0.198164 0.242281
0.170156 0.260323
0.140186 0.27537
0.109073 0.28804
0.0769601 0.29823
0.0438228 0.304866
0.010158 0.307832
-0.0235663 0.309103
-0.057233 0.306706
-0.0902323 0.300756
-0.122588 0.292338
-0.154054 0.281617
-0.184035 0.267873
-0.212868 0.252165
-0.239001 0.233312
-0.264417 0.213737
-0.286856 0.191673
-0.306942 0.168187
-0.325575 0.144002
-0.341948 0.11881
-0.356068 0.0929483
-0.367047 0.0663717
-0.376917 0.0396815
-0.384784 0.0129
-0.390752 -0.0139196
-0.39391 -0.0406361
-0.395361 -0.0670109
-0.396165 -0.093285
-0.394437 -0.119011
-0.391226 -0.14433
-0.386617 -0.169148
-0.379737 -0.193069
-0.372503 -0.216801
-0.3632 -0.239396
-0.352757 -0.261311
-0.340469 -0.28186
-0.327983 -0.30223
-0.313813 -0.321127
-0.298795 -0.339154
-0.282997 -0.356283
-0.265838 -0.371725
-0.248104 -0.386168
-0.229733 -0.399679
-0.210919 -0.412168
-0.191164 -0.422791
-0.170952 -0.432435
-0.150408 -0.441059
-0.129229 -0.447723
-0.10807 -0.454324
-0.0863066 -0.458956
-0.0642097 -0.461555
-0.0420731 -0.464097
-0.0197142 -0.464582
0.00283556 -0.463991
0.0253885 -0.461302
0.0479236 -0.457497
0.0703037 -0.452572
0.0927065 -0.446477
0.114898 -0.43922
0.136594 -0.429818
0.157916 -0.419245
0.178395 -0.406585
0.198838 -0.39363
0.218168 -0.378645
0.236777 -0.362527
0.254636 -0.345256
0.271009 -0.326083
0.286345 -0.305888
0.301379 -0.285299
0.314538 -0.262994
0.325679 -0.23906
0.336214 -0.214851
0.345363 -0.189631
0.352075 -0.163055
0.357079 -0.135714
0.361212 -0.107958
0.362429 -0.0792879
0.361536 -0.0501688
0.358405 -0.0206652
0.353888 0.00889604
0.345872 0.0384291
0.335241 0.0676573
0.322921 0.0963898
0.307825 0.124369
0.290887 0.151555
0.270337 0.176769
0.24798 0.200667
0.223874 0.223016
0.197359 0.242937
0.169246 0.260915
0.139274 0.275833
0.108116 0.288401
0.0759188 0.298497
0.0427586 0.305018
0.0091359 0.307864
-0.0246449 0.309019
-0.0582478 0.306515
-0.0912273 0.300456
-0.123944 0.292851
-0.154986 0.281106
-0.184875 0.267294
-0.213616 0.251532
-0.240409 0.2333
-0.265048 0.212954
-0.287392 0.190869
-0.30826 0.16786
-0.32595 0.143152
-0.342236 0.117976
-0.356294 0.0920792
-0.368193 0.0656513
-0.377006 0.0388258
-0.384812 0.0120265
-0.39072 -0.0148065
-0.393823 -0.0414632
-0.396205 -0.0680102
-0.395969 -0.0941128
-0.394208 -0.119768
-0.390948 -0.145081
-0.386292 -0.16989
-0.379401 -0.193729
-0.372123 -0.217452
-0.362783 -0.240028
-0.352299 -0.261928
-0.340744 -0.283094
-0.327457 -0.302801
-0.313254 -0.321673
-0.298201 -0.339676
-0.282373 -0.356778
-0.26525 -0.372144
-0.247497 -0.386557
-0.229173 -0.400001
-0.210272 -0.412498
-0.1905 -0.423091
-0.170347 -0.432674
-0.149791 -0.441269
-0.128602 -0.447903
-0.107356 -0.454493
-0.0856637 -0.459076
-0.0635681 -0.461644
-0.0413446 -0.464162
-0.0189849 -0.464612
0.0035639 -0.463986
0.0261126 -0.461261
0.0486417 -0.457421
0.0710956 -0.452448
0.0934075 -0.446331
0.115587 -0.439039
0.137268 -0.429603
0.158574 -0.418997
0.179102 -0.406274
0.199523 -0.393283
0.21883 -0.378262
0.237411 -0.362112
0.254645 -0.344006
0.271576 -0.325611
0.286932 -0.305338
0.301199 -0.284034
0.314274 -0.26175
0.326137 -0.238434
0.336662 -0.214148
0.344915 -0.188368
0.352445 -0.162255
0.357387 -0.134903
0.360497 -0.106853
0.362621 -0.0784033
0.361658 -0.0492829
0.358454 -0.0197906
0.352864 0.00979474
0.345763 0.0393946
0.335051 0.0685934
0.322634 0.0973475
0.307455 0.125282
0.28955 0.151953
0.26978 0.177617
0.247348 0.201445
0.223134 0.223757
0.196552 0.24359
0.16838 0.261475
0.13831 0.276317
0.107109 0.288776
0.0748766 0.29876
0.0416938 0.305165
0.00806138 0.307894
-0.0256707 0.308935
-0.0592651 0.30632
-0.092518 0.301107
-0.124866 0.292459
-0.155868 0.280618
-0.185714 0.266712
-0.214405 0.25086
-0.2411 0.232585
-0.265644 0.212211
-0.287923 0.190066
-0.308727 0.166999
-0.326324 0.142297
-0.342544 0.117078
-0.356519 0.0912061
-0.368341 0.0648154
-0.378088 0.03807
-0.384837 0.0112184
-0.390688 -0.0156231
-0.393736 -0.0422862
-0.396074 -0.0687708
-0.395788 -0.0948729
-0.393977 -0.120525
-0.390669 -0.145831
-0.385994 -0.170566
-0.379061 -0.194393
-0.371744 -0.2181
-0.362362 -0.240663
-0.351843 -0.262541
-0.3403 -0.283629
-0.326926 -0.303373
-0.312745 -0.322167
-0.297668 -0.340144
-0.281813 -0.35722
-0.264665 -0.37256
-0.247428 -0.387788
-0.228545 -0.40036
-0.20962 -0.41283
-0.189836 -0.423389
-0.169667 -0.432941
-0.149098 -0.441504
-0.127899 -0.448105
-0.10672 -0.454643
-0.084943 -0.45921
-0.0628387 -0.461744
-0.0406947 -0.46422
-0.0182554 -0.464642
0.00429246 -0.46398
0.0268369 -0.46122
0.0493599 -0.457344
0.071806 -0.452336
0.094108 -0.446183
0.11602 -0.437891
0.13802 -0.429362
0.159307 -0.418719
0.179813 -0.40596
0.20014 -0.392969
0.219488 -0.377881
0.238105 -0.361656
0.255305 -0.343516
0.272201 -0.325089
0.287517 -0.304786
0.301744 -0.283455
0.314776 -0.261146
0.326634 -0.237752
0.337109 -0.213444
0.34531 -0.187643
0.352812 -0.161455
0.357692 -0.134091
0.360739 -0.106035
0.36182 -0.077371
0.361785 -0.0483388
0.358505 -0.0188515
0.352835 0.0107801
0.345652 0.0403601
0.334858 0.0695286
0.322343 0.0983043
0.307082 0.126194
0.289071 0.152862
0.269221 0.178464
0.246714 0.202221
0.22239 0.224496
0.195744 0.24424
0.167513 0.262031
0.137392 0.276775
0.106149 0.28913
0.0738873 0.299006
0.0406804 0.305302
0.00706508 0.308919
-0.0267487 0.308844
-0.0603339 0.306111
-0.0935142 0.300799
-0.125834 0.292044
-0.156798 0.280099
-0.187124 0.266947
-0.215149 0.250222
-0.24179 0.231868
-0.266271 0.211424
-0.288452 0.189262
-0.309193 0.166134
-0.327613 0.141839
-0.342829 0.116242
-0.35674 0.0903359
-0.368498 0.0639164
-0.378173 0.0372155
-0.384861 0.0103485
-0.390654 -0.0164396
-0.394648 -0.0431508
-0.395929 -0.0695985
-0.395605 -0.0956326
-0.393745 -0.121281
-0.390388 -0.146581
-0.385666 -0.171307
-0.379576 -0.195579
-0.371362 -0.21875
-0.361943 -0.241293
-0.351383 -0.263156
-0.339806 -0.28422
-0.32645 -0.303886
-0.312184 -0.322711
-0.297133 -0.340611
-0.281252 -0.357662
-0.26408 -0.372975
-0.246819 -0.388176
-0.227916 -0.400718
-0.208971 -0.413158
-0.189171 -0.423687
-0.168987 -0.433207
-0.148404 -0.441738
-0.127468 -0.449267
-0.106006 -0.45481
-0.0842218 -0.459343