27.5576 -11.6295
27.5597 -11.6247
27.5597 -11.6247
27.5617 -11.6199
27.5637 -11.6151
27.5628 -11.6147
27.5648 -11.6099
27.5648 -11.6099
27.5668 -11.6051
27.5689 -11.6003
27.5689 -11.6003
27.5709 -11.5954
27.5729 -11.5906
27.5729 -11.5906
27.5749 -11.5858
27.5749 -11.5858
27.577 -11.581
27.579 -11.5762
27.579 -11.5762
27.581 -11.5714
27.581 -11.5714
27.583 -11.5666
27.585 -11.5617
27.585 -11.5617
27.5871 -11.5569
27.5871 -11.5569
27.5891 -11.5521
27.5911 -11.5473
27.5911 -11.5473
27.5931 -11.5425
27.5931 -11.5425
27.5951 -11.5377
27.5971 -11.5328
27.5971 -11.5328
27.5991 -11.528
27.6012 -11.5232
27.6012 -11.5232
27.6032 -11.5184
27.6022 -11.518
27.6042 -11.5132
27.6063 -11.5084
27.6063 -11.5084
27.6083 -11.5036
27.6083 -11.5036
27.6103 -11.4987
27.6123 -11.4939
27.6123 -11.4939
27.6143 -11.4891
27.6143 -11.4891
27.6163 -11.4843
27.6183 -11.4795
27.6183 -11.4795
27.6203 -11.4746
27.6203 -11.4746
27.6223 -11.4698
27.6243 -11.465
27.6243 -11.465
27.6263 -11.4602
27.6283 -11.4554
27.6283 -11.4554
27.6303 -11.4505
27.6303 -11.4505
27.6323 -11.4457
27.6343 -11.4409
27.6343 -11.4409
27.6363 -11.4361
27.6363 -11.4361
27.6383 -11.4312
27.6403 -11.4264
27.6403 -11.4264
27.6414 -11.4212
27.6414 -11.4212
27.6433 -11.4164
27.6453 -11.4116
27.6453 -11.4116
27.6473 -11.4067
27.6473 -11.4067
27.6493 -11.4019
27.6513 -11.3971
27.6513 -11.3971
27.6533 -11.3923
27.6553 -11.3874
27.6553 -11.3874
27.6573 -11.3826
27.6573 -11.3826
27.6593 -11.3778
27.6612 -11.373
27.6612 -11.373
27.6632 -11.3681
27.6632 -11.3681
27.6652 -11.3633
27.6672 -11.3585
27.6672 -11.3585
27.6692 -11.3536
27.6692 -11.3536
27.6712 -11.3488
27.6731 -11.344
27.6731 -11.344
27.6751 -11.3391
27.6751 -11.3391
27.6771 -11.3343
27.6791 -11.3295
27.6791 -11.3295
27.6801 -11.3243
27.6821 -11.3194
27.6821 -11.3194
27.6841 -11.3146
27.6841 -11.3146
27.6861 -11.3098
27.688 -11.3049
27.688 -11.3049
27.69 -11.3001
27.69 -11.3001
27.692 -11.2953
27.6939 -11.2904
27.6939 -11.2904
27.6959 -11.2856
27.6959 -11.2856
27.6979 -11.2808
27.6998 -11.2759
27.6998 -11.2759
27.7018 -11.2711
27.7018 -11.2711
27.7038 -11.2663
27.7057 -11.2614
27.7057 -11.2614
27.7077 -11.2566
27.7097 -11.2518
27.7097 -11.2518
27.7116 -11.2469
27.7116 -11.2469
27.7136 -11.2421
27.7156 -11.2373
27.7156 -11.2373
27.7175 -11.2324
27.7166 -11.232
27.7186 -11.2272
27.7205 -11.2224
27.7205 -11.2224
27.7225 -11.2175
27.7225 -11.2175
27.7244 -11.2127
27.7264 -11.2079
27.7264 -11.2079
27.7283 -11.203
27.7283 -11.203
27.7303 -11.1982
27.7323 -11.1933
27.7323 -11.1933
27.7342 -11.1885
27.7362 -11.1837
27.7362 -11.1837
27.7381 -11.1788
27.7381 -11.1788
27.7401 -11.174
27.742 -11.1691
27.742 -11.1691
27.744 -11.1643
27.744 -11.1643
27.7459 -11.1595
27.7479 -11.1546
27.7479 -11.1546
27.7498 -11.1498
27.7498 -11.1498
27.7517 -11.1449
27.7537 -11.1401
27.7537 -11.1401
27.7556 -11.1352
27.7547 -11.1349
27.7567 -11.13
27.7586 -11.1252
27.7586 -11.1252
27.7605 -11.1203
27.7625 -11.1155
27.7625 -11.1155
27.7644 -11.1106
27.7644 -11.1106
27.7664 -11.1058
27.7683 -11.1009
27.7683 -11.1009
27.7702 -11.0961
27.7702 -11.0961
27.7722 -11.0912
27.7741 -11.0864
27.7741 -11.0864
27.776 -11.0816
27.776 -11.0816
27.778 -11.0767
27.7799 -11.0719
27.7799 -11.0719
27.7818 -11.067
27.7818 -11.067
27.7838 -11.0622
27.7857 -11.0573
27.7857 -11.0573
27.7876 -11.0525
27.7896 -11.0476
27.7896 -11.0476
27.7915 -11.0428
27.7915 -11.0428
27.7934 -11.0379
27.7944 -11.0327
27.7944 -11.0327
27.7963 -11.0278
27.7963 -11.0278
27.7983 -11.023
27.8002 -11.0181
27.8002 -11.0181
27.8021 -11.0133
27.8021 -11.0133
27.804 -11.0084
27.8059 -11.0036
27.8059 -11.0036
27.8079 -10.9987
27.8079 -10.9987
27.8098 -10.9939
27.8117 -10.989
27.8117 -10.989
27.8136 -10.9842
27.8155 -10.9793
27.8155 -10.9793
27.8175 -10.9745
27.8175 -10.9745
27.8194 -10.9696
27.8213 -10.9647
27.8213 -10.9647
27.8232 -10.9599
27.8232 -10.9599
27.8251 -10.955
27.827 -10.9502
27.827 -10.9502
27.8289 -10.9453
27.8289 -10.9453
27.8299 -10.9401
27.8318 -10.9352
27.8318 -10.9352
27.8337 -10.9304
27.8337 -10.9304
27.8356 -10.9255
27.8375 -10.9207
27.8375 -10.9207
27.8394 -10.9158
27.8413 -10.9109
27.8413 -10.9109
27.8432 -10.9061
27.8432 -10.9061
27.8452 -10.9012
27.8471 -10.8964
27.8471 -10.8964
27.849 -10.8915
27.849 -10.8915
27.8509 -10.8866
27.8528 -10.8818
27.8528 -10.8818
27.8547 -10.8769
27.8547 -10.8769
27.8566 -10.8721
27.8585 -10.8672
27.8585 -10.8672
27.8604 -10.8623
27.8604 -10.8623
27.8622 -10.8575
27.8641 -10.8526
27.8641 -10.8526
27.866 -10.8477
27.8679 -10.8429
27.867 -10.8425
27.8689 -10.8377
27.8689 -10.8377
27.8708 -10.8328
27.8727 -10.8279
27.8727 -10.8279
27.8746 -10.8231
27.8746 -10.8231
27.8764 -10.8182
27.8783 -10.8133
27.8783 -10.8133
27.8802 -10.8085
27.8802 -10.8085
27.8821 -10.8036
27.884 -10.7987
27.884 -10.7987
27.8859 -10.7939
27.8859 -10.7939
27.8878 -10.789
27.8896 -10.7841
27.8896 -10.7841
27.8915 -10.7793
27.8934 -10.7744
27.8934 -10.7744
27.8953 -10.7695
27.8953 -10.7695
27.8972 -10.7647
27.899 -10.7598
27.899 -10.7598
27.9009 -10.7549
27.9009 -10.7549
27.9028 -10.7501
27.9047 -10.7452
27.9037 -10.7448
27.9056 -10.7399
27.9056 -10.7399
27.9075 -10.7351
27.9094 -10.7302
27.9094 -10.7302
27.9112 -10.7253
27.9112 -10.7253
27.9131 -10.7205
27.915 -10.7156
27.915 -10.7156
27.9168 -10.7107
27.9187 -10.7059
27.9187 -10.7059
27.9206 -10.701
27.9206 -10.701
27.9224 -10.6961
27.9243 -10.6912
27.9243 -10.6912
27.9262 -10.6864
27.9262 -10.6864
27.928 -10.6815
27.9299 -10.6766
27.9299 -10.6766
27.9318 -10.6717
27.9318 -10.6717
27.9336 -10.6669
27.9355 -10.662
27.9355 -10.662
27.9374 -10.6571
27.9374 -10.6571
27.9392 -10.6522
27.9411 -10.6473
27.9401 -10.647
27.942 -10.6421
27.9439 -10.6372
27.9439 -10.6372
27.9457 -10.6324
27.9457 -10.6324
27.9476 -10.6275
27.9494 -10.6226
27.9494 -10.6226
27.9513 -10.6177
27.9513 -10.6177
27.9531 -10.6129
27.955 -10.608
27.955 -10.608
27.9568 -10.6031
27.9568 -10.6031
27.9587 -10.5982
27.9605 -10.5933
27.9605 -10.5933
27.9624 -10.5885
27.9624 -10.5885
27.9642 -10.5836
27.9661 -10.5787
27.9661 -10.5787
27.9679 -10.5738
27.9698 -10.5689
27.9698 -10.5689
27.9716 -10.5641
27.9716 -10.5641
27.9735 -10.5592
27.9753 -10.5543
27.9753 -10.5543
27.9771 -10.5494
27.9762 -10.5491
27.978 -10.5442
27.9799 -10.5393
27.9799 -10.5393
27.9817 -10.5344
27.9817 -10.5344
27.9836 -10.5295
27.9854 -10.5246
27.9854 -10.5246
27.9872 -10.5198
27.9872 -10.5198
27.9891 -10.5149
27.9909 -10.51
27.9909 -10.51
27.9927 -10.5051
27.9946 -10.5002
27.9946 -10.5002
27.9964 -10.4953
27.9964 -10.4953
27.9982 -10.4904
28.0001 -10.4855
28.0001 -10.4855
28.0019 -10.4807
28.0019 -10.4807
28.0037 -10.4758
28.0055 -10.4709
28.0055 -10.4709
28.0074 -10.466
28.0074 -10.466
28.0092 -10.4611
28.011 -10.4562
28.011 -10.4562
28.0129 -10.4513
28.0137 -10.4461
28.0137 -10.4461
28.0156 -10.4412
28.0156 -10.4412
28.0174 -10.4363
28.0192 -10.4314
28.0192 -10.4314
28.021 -10.4265
28.021 -10.4265
28.0228 -10.4216
28.0247 -10.4168
28.0247 -10.4168
28.0265 -10.4119
28.0265 -10.4119
28.0283 -10.407
28.0301 -10.4021
28.0301 -10.4021
28.0319 -10.3972
28.0319 -10.3972
28.0337 -10.3923
28.0356 -10.3874
28.0356 -10.3874
28.0374 -10.3825
28.0392 -10.3776
28.0392 -10.3776
28.041 -10.3727
28.041 -10.3727
28.0428 -10.3678
28.0446 -10.3629
28.0446 -10.3629
28.0464 -10.358
28.0464 -10.358
28.0482 -10.3531
28.0491 -10.3479
28.0491 -10.3479
28.0509 -10.343
28.0509 -10.343
28.0527 -10.3381
28.0545 -10.3332
28.0545 -10.3332
28.0563 -10.3283
28.0563 -10.3283
28.0581 -10.3234
28.0599 -10.3185
28.0599 -10.3185
28.0617 -10.3136
28.0635 -10.3087
28.0635 -10.3087
28.0653 -10.3038
28.0653 -10.3038
28.0671 -10.2989
28.0689 -10.294
28.0689 -10.294
28.0707 -10.2891
28.0707 -10.2891
28.0725 -10.2842
28.0743 -10.2793
28.0743 -10.2793
28.0761 -10.2744
28.0761 -10.2744
28.0779 -10.2695
28.0797 -10.2646
28.0797 -10.2646
28.0815 -10.2597
28.0815 -10.2597
28.0833 -10.2548
28.0841 -10.2496
28.0841 -10.2496
28.0859 -10.2447
28.0877 -10.2398
28.0877 -10.2398
28.0895 -10.2349
28.0895 -10.2349
28.0913 -10.23
28.093 -10.2251
28.093 -10.2251
28.0948 -10.2202
28.0948 -10.2202
28.0966 -10.2153
28.0984 -10.2104
28.0984 -10.2104
28.1002 -10.2054
28.1002 -10.2054
28.1019 -10.2006
28.1037 -10.1956
28.1037 -10.1956
28.1055 -10.1907
28.1055 -10.1907
28.1073 -10.1858
28.1091 -10.1809
28.1091 -10.1809
28.1108 -10.176
28.1126 -10.1711
28.1126 -10.1711
28.1144 -10.1662
28.1144 -10.1662
28.1162 -10.1613
28.1179 -10.1564
28.1179 -10.1564
28.1188 -10.1512
28.1188 -10.1512
28.1205 -10.1462
28.1223 -10.1413
28.1223 -10.1413
28.1241 -10.1364
28.1241 -10.1364
28.1259 -10.1315
28.1276 -10.1266
28.1276 -10.1266
28.1294 -10.1217
28.1312 -10.1168
28.1312 -10.1168
28.1329 -10.1119
28.1329 -10.1119
28.1347 -10.107
28.1364 -10.1021
28.1364 -10.1021
28.1382 -10.0971
28.1382 -10.0971
28.14 -10.0922
28.1417 -10.0873
28.1417 -10.0873
28.1435 -10.0824
28.1435 -10.0824
28.1452 -10.0775
28.147 -10.0726
28.147 -10.0726
28.1488 -10.0677
28.1488 -10.0677
28.1505 -10.0628
28.1523 -10.0578
28.1523 -10.0578
28.1531 -10.0526
28.1548 -10.0477
28.1548 -10.0477
28.1566 -10.0428
28.1566 -10.0428
28.1584 -10.0379
28.1601 -10.0329
28.1601 -10.0329
28.1619 -10.028
28.1619 -10.028
28.1636 -10.0231
28.1654 -10.0182
28.1654 -10.0182
28.1671 -10.0133
28.1671 -10.0133
28.1688 -10.0084
28.1706 -10.0034
28.1706 -10.0034
28.1723 -9.99853
28.1723 -9.99853
28.1741 -9.99361
28.1758 -9.98869
28.1758 -9.98869
28.1776 -9.98378
28.1793 -9.97886
28.1793 -9.97886
28.1811 -9.97393
28.1811 -9.97393
28.1828 -9.96903
28.1845 -9.9641
28.1845 -9.9641
28.1863 -9.95918
28.1863 -9.95918
28.1871 -9.95394
28.1888 -9.94901
28.1888 -9.94901
28.1905 -9.94409
28.1905 -9.94409
28.1923 -9.93918
28.194 -9.93425
28.194 -9.93425
28.1957 -9.92932
28.1957 -9.92932
28.1975 -9.92441
28.1992 -9.91949
28.1992 -9.91949
28.2009 -9.91456
28.2027 -9.90963
28.2027 -9.90963
28.2044 -9.90472
28.2044 -9.90472
28.2061 -9.89979
28.2079 -9.89487
28.2079 -9.89487
28.2096 -9.88995
28.2096 -9.88995
28.2113 -9.88502
28.213 -9.8801
28.213 -9.8801
28.2148 -9.87518
28.2148 -9.87518
28.2165 -9.87025
28.2182 -9.86532
28.2182 -9.86532
28.2199 -9.86041
28.2216 -9.85548
28.2207 -9.85515
28.2224 -9.85022
28.2224 -9.85022
28.2241 -9.8453
28.2259 -9.84037
28.2259 -9.84037
28.2276 -9.83544
28.2276 -9.83544
28.2293 -9.83052
28.231 -9.82559
28.231 -9.82559
28.2327 -9.82066
28.2327 -9.82066
28.2344 -9.81574
28.2361 -9.81081
28.2361 -9.81081
28.2379 -9.80588
28.2379 -9.80588
28.2396 -9.80096
28.2413 -9.79602
28.2413 -9.79602
28.243 -9.79109
28.2447 -9.78616
28.2447 -9.78616
28.2464 -9.78124
28.2464 -9.78124
28.2481 -9.7763
28.2498 -9.77137
28.2498 -9.77137
28.2515 -9.76644
28.2515 -9.76644
28.2532 -9.76151
28.2549 -9.75657
28.2549 -9.75657
28.2557 -9.75133
28.2557 -9.75133
28.2574 -9.74639
28.2591 -9.74145
28.2591 -9.74145
28.2608 -9.73653
28.2608 -9.73653
28.2625 -9.73159
28.2642 -9.72666
28.2642 -9.72666
28.2659 -9.72173
28.2676 -9.71679
28.2676 -9.71679
28.2693 -9.71186
28.2693 -9.71186
28.271 -9.70693
28.2727 -9.70199
28.2727 -9.70199
28.2744 -9.69705
28.2744 -9.69705
28.276 -9.69213
28.2777 -9.68719
28.2777 -9.68719
28.2794 -9.68225
28.2794 -9.68225
28.2811 -9.67732
28.2828 -9.67238
28.2828 -9.67238
28.2845 -9.66744
28.2845 -9.66744
28.2862 -9.6625
28.2879 -9.65757
28.2879 -9.65757
28.2886 -9.65231
28.2903 -9.64736
28.2903 -9.64736
28.292 -9.64244
28.292 -9.64244
28.2937 -9.63749
28.2953 -9.63255
28.2953 -9.63255
28.297 -9.62762
28.297 -9.62762
28.2987 -9.62268
28.3004 -9.61773
28.3004 -9.61773
28.3021 -9.61281
28.3021 -9.61281
28.3037 -9.60786
28.3054 -9.60292
28.3054 -9.60292
28.3071 -9.59799
28.3088 -9.59304
28.3088 -9.59304
28.3104 -9.58809
28.3104 -9.58809
28.3121 -9.58316
28.3138 -9.57822
28.3138 -9.57822
28.3154 -9.57327
28.3154 -9.57327
28.3171 -9.56834
28.3188 -9.56339
28.3188 -9.56339
28.3205 -9.55844
28.3205 -9.55844
28.3212 -9.55319
28.3228 -9.54824
28.3228 -9.54824
28.3245 -9.5433
28.3245 -9.5433
28.3262 -9.53835
28.3278 -9.53341
28.3278 -9.53341
28.3295 -9.52846
28.3312 -9.52351
28.3312 -9.52351
28.3328 -9.51858
28.3328 -9.51858
28.3345 -9.51363
28.3361 -9.50868
28.3361 -9.50868
28.3378 -9.50374
28.3378 -9.50374
28.3395 -9.49879
28.3411 -9.49384
28.3411 -9.49384
28.3428 -9.48891
28.3428 -9.48891
28.3444 -9.48395
28.3461 -9.479
28.3461 -9.479
28.3477 -9.47406
28.3477 -9.47406
28.3494 -9.46911
28.351 -9.46416
28.351 -9.46416
28.3527 -9.45922
28.3543 -9.45427
28.3543 -9.45427
28.3551 -9.449
28.3551 -9.449
28.3567 -9.44406
28.3583 -9.43911
28.3583 -9.43911
28.36 -9.43415
28.36 -9.43415
28.3616 -9.42921
28.3633 -9.42426
28.3633 -9.42426
28.3649 -9.4193
28.3649 -9.4193
28.3666 -9.41435
28.3682 -9.4094
28.3682 -9.4094
28.3699 -9.40445
28.3715 -9.39949
28.3715 -9.39949
28.3731 -9.39455
28.3731 -9.39455
28.3748 -9.38959
28.3764 -9.38464
28.3764 -9.38464
28.3781 -9.37969
28.3781 -9.37969
28.3797 -9.37474
28.3813 -9.36978
28.3813 -9.36978
28.383 -9.36483
28.383 -9.36483
28.3846 -9.35988
28.3862 -9.35492
28.3862 -9.35492
28.3869 -9.34966
28.3869 -9.34966
28.3885 -9.3447
28.3902 -9.33974
28.3902 -9.33974
28.3918 -9.33479
28.3934 -9.32983
28.3934 -9.32983
28.3951 -9.32487
28.3951 -9.32487
28.3967 -9.31993
28.3983 -9.31497
28.3983 -9.31497
28.3999 -9.31001
28.3999 -9.31001
28.4016 -9.30506
28.4032 -9.3001
28.4032 -9.3001
28.4048 -9.29513
28.4048 -9.29513
28.4064 -9.29017
28.4081 -9.28522
28.4081 -9.28522
28.4097 -9.28026
28.4097 -9.28026
28.4113 -9.2753
28.4129 -9.27035
28.4129 -9.27035
28.4145 -9.26539
28.4161 -9.26042
28.4161 -9.26042
28.4178 -9.25547
28.4178 -9.25547
28.4194 -9.25051
28.42 -9.24523
28.42 -9.24523
28.4216 -9.24028
28.4216 -9.24028
28.4233 -9.23532
28.4249 -9.23035
28.4249 -9.23035
28.4265 -9.2254
28.4265 -9.2254
28.4281 -9.22043
28.4297 -9.21547
28.4297 -9.21547
28.4313 -9.21052
28.4329 -9.20555
28.4329 -9.20555
28.4345 -9.20058
28.4345 -9.20058
28.4361 -9.19563
28.4377 -9.19066
28.4377 -9.19066
28.4393 -9.18569
28.4393 -9.18569
28.4409 -9.18074
28.4425 -9.17577
28.4425 -9.17577
28.4441 -9.1708
28.4441 -9.1708
28.4457 -9.16583
28.4473 -9.16088
28.4473 -9.16088
28.4489 -9.15591
28.4489 -9.15591
28.4505 -9.15094
28.4512 -9.14568
28.4512 -9.14568
28.4528 -9.1407
28.4544 -9.13573
28.4544 -9.13573
28.456 -9.13078
28.456 -9.13078
28.4576 -9.12581
28.4592 -9.12083
28.4592 -9.12083
28.4607 -9.11588
28.4607 -9.11588
28.4623 -9.11091
28.4639 -9.10593
28.4639 -9.10593
28.4655 -9.10097
28.4655 -9.10097
28.4671 -9.096
28.4687 -9.09103
28.4687 -9.09103
28.4703 -9.08607
28.4719 -9.0811
28.4719 -9.0811
28.4734 -9.07612
28.4734 -9.07612
28.475 -9.07116
28.4766 -9.06619
28.4766 -9.06619
28.4782 -9.06121
28.4782 -9.06121
28.4798 -9.05625
28.4814 -9.05128
28.4814 -9.05128
28.4829 -9.0463
28.482 -9.046
28.4836 -9.04102
28.4851 -9.03606
28.4851 -9.03606
28.4867 -9.03108
28.4867 -9.03108
28.4883 -9.02611
28.4899 -9.02115
28.4899 -9.02115
28.4914 -9.01617
28.493 -9.01119
28.493 -9.01119
28.4946 -9.00623
28.4946 -9.00623
28.4962 -9.00125
28.4977 -8.99627
28.4977 -8.99627
28.4993 -8.99131
28.4993 -8.99131
28.5009 -8.98633
28.5024 -8.98135
28.5024 -8.98135
28.504 -8.97638
28.504 -8.97638
28.5056 -8.9714
28.5071 -8.96642
28.5071 -8.96642
28.5087 -8.96146
28.5103 -8.95648
28.5103 -8.95648
28.5118 -8.9515
28.5118 -8.9515
28.5134 -8.94653
28.5149 -8.94155
28.514 -8.94125
28.5156 -8.93627
28.5156 -8.93627
28.5171 -8.9313
28.5187 -8.92632
28.5187 -8.92632
28.5202 -8.92134
28.5202 -8.92134
28.5218 -8.91635
28.5233 -8.91139
28.5233 -8.91139
28.5249 -8.9064
28.5249 -8.9064
28.5265 -8.90142
28.528 -8.89645
28.528 -8.89645
28.5296 -8.89147
28.5311 -8.88648
28.5311 -8.88648
28.5327 -8.88151
28.5327 -8.88151
28.5342 -8.87653
28.5358 -8.87154
28.5358 -8.87154
28.5373 -8.86657
28.5373 -8.86657
28.5388 -8.86159
28.5404 -8.8566
28.5404 -8.8566
28.5419 -8.85163
28.5419 -8.85163
28.5435 -8.84664
28.545 -8.84166
28.5441 -8.84136
28.5456 -8.83639
28.5456 -8.83639
28.5472 -8.8314
28.5487 -8.82641
28.5487 -8.82641
28.5502 -8.82144
28.5518 -8.81645
28.5518 -8.81645
28.5533 -8.81147
28.5533 -8.81147
28.5549 -8.80649
28.5564 -8.8015
28.5564 -8.8015
28.5579 -8.79652
28.5579 -8.79652
28.5595 -8.79153
28.561 -8.78655
28.561 -8.78655
28.5625 -8.78156
28.5625 -8.78156
28.5641 -8.77657
28.5656 -8.7716
28.5656 -8.7716
28.5671 -8.76661
28.5687 -8.76161
28.5687 -8.76161
28.5702 -8.75664
28.5702 -8.75664
28.5717 -8.75165
28.5732 -8.74666
28.5732 -8.74666
28.5748 -8.74168
28.5748 -8.74168
28.5753 -8.73639
28.5769 -8.7314
28.5769 -8.7314
28.5784 -8.72642
28.5784 -8.72642
28.5799 -8.72143
28.5814 -8.71644
28.5814 -8.71644
28.5829 -8.71146
28.5829 -8.71146
28.5845 -8.70647
28.586 -8.70147
28.586 -8.70147
28.5875 -8.69649
28.589 -8.6915
28.589 -8.6915
28.5905 -8.6865
28.5905 -8.6865
28.592 -8.68153
28.5936 -8.67653
28.5936 -8.67653
28.5951 -8.67153
28.5951 -8.67153
28.5966 -8.66654
28.5981 -8.66156
28.5981 -8.66156
28.5996 -8.65656
28.5996 -8.65656
28.6011 -8.65156
28.6026 -8.64658
28.6026 -8.64658
28.6041 -8.64159
28.6057 -8.63659
28.6057 -8.63659
28.6062 -8.63132
28.6062 -8.63132
28.6077 -8.62632
28.6092 -8.62132
28.6092 -8.62132
28.6107 -8.61634
28.6107 -8.61634
28.6122 -8.61134
28.6137 -8.60634
28.6137 -8.60634
28.6152 -8.60136
28.6152 -8.60136
28.6167 -8.59636
28.6182 -8.59136
28.6182 -8.59136
28.6197 -8.58637
28.6197 -8.58637
28.6212 -8.58137
28.6227 -8.57637
28.6227 -8.57637
28.6242 -8.57139
28.6257 -8.56639
28.6257 -8.56639
28.6272 -8.56139
28.6272 -8.56139
28.6287 -8.5564
28.6302 -8.5514
28.6302 -8.5514
28.6317 -8.5464
28.6317 -8.5464
28.6332 -8.54139
28.6347 -8.53641
28.6347 -8.53641
28.6362 -8.5314
28.6352 -8.53112
28.6367 -8.52612
28.6382 -8.52113
28.6382 -8.52113
28.6397 -8.51612
28.6411 -8.51112
28.6411 -8.51112
28.6426 -8.50613
28.6426 -8.50613
28.6441 -8.50113
28.6456 -8.49612
28.6456 -8.49612
28.6471 -8.49114
28.6471 -8.49114
28.6486 -8.48613
28.65 -8.48113
28.65 -8.48113
28.6515 -8.47613
28.6515 -8.47613
28.653 -8.47113
28.6545 -8.46612
28.6545 -8.46612
28.656 -8.46113
28.656 -8.46113
28.6574 -8.45613
28.6589 -8.45112
28.6589 -8.45112
28.6604 -8.44613
28.6619 -8.44112
28.6619 -8.44112
28.6633 -8.43611
28.6633 -8.43611
28.6648 -8.43112
28.6663 -8.42611
28.6653 -8.42583
28.6668 -8.42082
28.6668 -8.42082
28.6683 -8.41581
28.6697 -8.41082
28.6697 -8.41082
28.6712 -8.40581
28.6712 -8.40581
28.6727 -8.4008
28.6741 -8.39581
28.6741 -8.39581
28.6756 -8.3908
28.6771 -8.38579
28.6771 -8.38579
28.6785 -8.38079
28.6785 -8.38079
28.68 -8.37578
28.6814 -8.37077
28.6814 -8.37077
28.6829 -8.36578
28.6829 -8.36578
28.6844 -8.36077
28.6858 -8.35576
28.6858 -8.35576
28.6873 -8.35076
28.6873 -8.35076
28.6887 -8.34575
28.6902 -8.34074
28.6902 -8.34074
28.6916 -8.33574
28.6931 -8.33073
28.6931 -8.33073
28.6946 -8.32571
28.6946 -8.32571
28.695 -8.32044
28.6965 -8.31542
28.6965 -8.31542
28.6979 -8.31041
28.6979 -8.31041
28.6994 -8.30541
28.7008 -8.3004
28.7008 -8.3004
28.7023 -8.29538
28.7023 -8.29538
28.7037 -8.29037
28.7052 -8.28537
28.7052 -8.28537
28.7066 -8.28035
28.7066 -8.28035
28.7081 -8.27534
28.7095 -8.27034
28.7095 -8.27034
28.711 -8.26532
28.7124 -8.26031
28.7124 -8.26031
28.7138 -8.25531
28.7138 -8.25531
28.7153 -8.25029
28.7167 -8.24527
28.7167 -8.24527
28.7182 -8.24027
28.7182 -8.24027
28.7196 -8.23525
28.721 -8.23024
28.721 -8.23024
28.7225 -8.22523
28.7225 -8.22523
28.7239 -8.22022
28.7244 -8.21492
28.7244 -8.21492
28.7258 -8.20992
28.7273 -8.2049
28.7273 -8.2049
28.7287 -8.19988
28.7287 -8.19988
28.7301 -8.19488
28.7315 -8.18986
28.7315 -8.18986
28.733 -8.18484
28.733 -8.18484
28.7344 -8.17983
28.7358 -8.17481
28.7358 -8.17481
28.7373 -8.16979
28.7373 -8.16979
28.7387 -8.16477
28.7401 -8.15977
28.7401 -8.15977
28.7415 -8.15475
28.7415 -8.15475
28.743 -8.14972
28.7444 -8.14472
28.7444 -8.14472
28.7458 -8.1397
28.7472 -8.13467
28.7472 -8.13467
28.7486 -8.12967
28.7486 -8.12967
28.7501 -8.12464
28.7515 -8.11962
28.7515 -8.11962
28.7529 -8.11461
28.7519 -8.11434
28.7533 -8.10932
28.7548 -8.1043
28.7548 -8.1043
28.7562 -8.09929
28.7562 -8.09929
28.7576 -8.09426
28.759 -8.08924
28.759 -8.08924
28.7604 -8.08423
28.7618 -8.07921
28.7618 -8.07921
28.7632 -8.07418
28.7632 -8.07418
28.7646 -8.06917
28.766 -8.06415
28.766 -8.06415
28.7675 -8.05912
28.7675 -8.05912
28.7689 -8.05411
28.7703 -8.04908
28.7703 -8.04908
28.7717 -8.04406
28.7717 -8.04406
28.7731 -8.03903
28.7745 -8.03402
28.7745 -8.03402
28.7759 -8.02899
28.7759 -8.02899
28.7773 -8.02396
28.7787 -8.01895
28.7787 -8.01895
28.7801 -8.01392
28.7815 -8.0089
28.7805 -8.00863
28.7819 -8.00362
28.7819 -8.00362
28.7833 -7.99859
28.7847 -7.99356
28.7847 -7.99356
28.7861 -7.98854
28.7861 -7.98854
28.7875 -7.98352
28.7889 -7.97849
28.7889 -7.97849
28.7903 -7.97347
28.7903 -7.97347
28.7917 -7.96844
28.7931 -7.96341
28.7931 -7.96341
28.7944 -7.9584
28.7958 -7.95337
28.7958 -7.95337
28.7972 -7.94834
28.7972 -7.94834
28.7986 -7.94332
28.8 -7.93829
28.8 -7.93829
28.8014 -7.93326
28.8014 -7.93326
28.8028 -7.92824
28.8041 -7.92321
28.8041 -7.92321
28.8055 -7.91818
28.8055 -7.91818
28.8069 -7.91314
28.8083 -7.90813
28.8083 -7.90813
28.8097 -7.90309
28.8101 -7.89779
28.8101 -7.89779
28.8115 -7.89278
28.8115 -7.89278
28.8128 -7.88774
28.8142 -7.88271
28.8142 -7.88271
28.8156 -7.87769
28.8156 -7.87769
28.817 -7.87266
28.8183 -7.86762
28.8183 -7.86762
28.8197 -7.8626
28.8197 -7.8626
28.8211 -7.85757
28.8225 -7.85253
28.8225 -7.85253
28.8238 -7.84751
28.8238 -7.84751
28.8252 -7.84248
28.8266 -7.83744
28.8266 -7.83744
28.8279 -7.83242
28.8293 -7.82738
28.8293 -7.82738
28.8307 -7.82235
28.8307 -7.82235
28.832 -7.81732
28.8334 -7.81229
28.8334 -7.81229
28.8348 -7.80725
28.8348 -7.80725
28.8361 -7.80223
28.8375 -7.79719
28.8365 -7.79693
28.8379 -7.79189
28.8379 -7.79189
28.8392 -7.78685
28.8406 -7.78183
28.8406 -7.78183
28.8419 -7.77679
28.8433 -7.77175
28.8433 -7.77175
28.8447 -7.76673
28.8447 -7.76673
28.846 -7.76169
28.8474 -7.75665
28.8474 -7.75665
28.8487 -7.75162
28.8487 -7.75162
28.8501 -7.74658
28.8514 -7.74154
28.8514 -7.74154
28.8528 -7.73652
28.8528 -7.73652
28.8541 -7.73148
28.8555 -7.72644
28.8555 -7.72644
28.8568 -7.72141
28.8568 -7.72141
28.8582 -7.71637
28.8595 -7.71133
28.8595 -7.71133
28.8609 -7.7063
28.8622 -7.70126
28.8622 -7.70126
28.8636 -7.69622
28.8636 -7.69622
28.8639 -7.69093
28.8653 -7.68589
28.8653 -7.68589
28.8666 -7.68085
28.8666 -7.68085
28.8679 -7.67582
28.8693 -7.67078
28.8693 -7.67078
28.8706 -7.66573
28.8706 -7.66573
28.872 -7.66069
28.8733 -7.65566
28.8733 -7.65566
28.8746 -7.65061
28.876 -7.64557
28.876 -7.64557
28.8773 -7.64054
28.8773 -7.64054
28.8786 -7.6355
28.88 -7.63045
28.88 -7.63045
28.8813 -7.62542
28.8813 -7.62542
28.8826 -7.62037
28.884 -7.61533
28.884 -7.61533
28.8853 -7.6103
28.8853 -7.6103
28.8866 -7.60525
28.8879 -7.6002
28.8879 -7.6002
28.8893 -7.59517
28.8906 -7.59013
28.8906 -7.59013
28.8919 -7.58508
28.891 -7.58482
28.8923 -7.57979
28.8936 -7.57474
28.8936 -7.57474
28.8949 -7.5697
28.8949 -7.5697
28.8962 -7.56466
28.8976 -7.55962
28.8976 -7.55962
28.8989 -7.55457
28.8989 -7.55457
28.9002 -7.54953
28.9015 -7.54448
28.9015 -7.54448
28.9028 -7.53944
28.9028 -7.53944
28.9042 -7.53439
28.9055 -7.52935
28.9055 -7.52935
28.9068 -7.5243
28.9081 -7.51925
28.9081 -7.51925
28.9094 -7.51422
28.9094 -7.51422
28.9107 -7.50917
28.912 -7.50411
28.912 -7.50411
28.9133 -7.49908
28.9133 -7.49908
28.9146 -7.49403
28.916 -7.48898
28.916 -7.48898
28.9173 -7.48394
28.9173 -7.48394
28.9176 -7.47864
28.9189 -7.47358
28.9189 -7.47358
28.9202 -7.46855
28.9215 -7.46349
28.9215 -7.46349
28.9228 -7.45844
28.9228 -7.45844
28.9241 -7.4534
28.9254 -7.44835
28.9254 -7.44835
28.9267 -7.4433
28.9267 -7.4433
28.928 -7.43826
28.9293 -7.43321
28.9293 -7.43321
28.9306 -7.42815
28.9306 -7.42815
28.9319 -7.42311
28.9332 -7.41806
28.9332 -7.41806
28.9345 -7.413
28.9358 -7.40795
28.9358 -7.40795
28.9371 -7.40291
28.9371 -7.40291
28.9384 -7.39785
28.9397 -7.3928
28.9397 -7.3928
28.9409 -7.38776
28.9409 -7.38776
28.9422 -7.3827
28.9435 -7.37764
28.9435 -7.37764
28.9448 -7.3726
28.9438 -7.37236
28.9451 -7.3673
28.9464 -7.36224
28.9464 -7.36224
28.9477 -7.3572
28.949 -7.35214
28.949 -7.35214
28.9503 -7.34709
28.9503 -7.34709
28.9515 -7.34204
28.9528 -7.33698
28.9528 -7.33698
28.9541 -7.33193
28.9541 -7.33193
28.9554 -7.32688
28.9567 -7.32182
28.9567 -7.32182
28.9579 -7.31677
28.9579 -7.31677
28.9592 -7.31172
28.9605 -7.30666
28.9605 -7.30666
28.9618 -7.3016
28.9618 -7.3016
28.963 -7.29656
28.9643 -7.2915
28.9643 -7.2915
28.9656 -7.28644
28.9669 -7.28138
28.9669 -7.28138
28.9681 -7.27633
28.9681 -7.27633
28.9694 -7.27127
28.9707 -7.26621
28.9707 -7.26621
28.971 -7.26092
28.971 -7.26092
28.9722 -7.25586
28.9735 -7.2508
28.9735 -7.2508
28.9748 -7.24575
28.9748 -7.24575
28.976 -7.24069
28.9773 -7.23563
28.9773 -7.23563
28.9786 -7.23058
28.9798 -7.22552
28.9798 -7.22552
28.9811 -7.22045
28.9811 -7.22045
28.9823 -7.21541
28.9836 -7.21034
28.9836 -7.21034
28.9849 -7.20528
28.9849 -7.20528
28.9861 -7.20023
28.9874 -7.19517
28.9874 -7.19517
28.9886 -7.1901
28.9886 -7.1901
28.9899 -7.18505
28.9911 -7.17999
28.9911 -7.17999
28.9924 -7.17492
28.9936 -7.16987
28.9936 -7.16987
28.9949 -7.16481
28.9949 -7.16481
28.9961 -7.15974
28.9964 -7.15444
28.9964 -7.15444
28.9977 -7.14939
28.9977 -7.14939
28.9989 -7.14432
29.0002 -7.13926
29.0002 -7.13926
29.0014 -7.1342
29.0014 -7.1342
29.0026 -7.12914
29.0039 -7.12407
29.0039 -7.12407
29.0051 -7.11902
29.0051 -7.11902
29.0064 -7.11395
29.0076 -7.10888
29.0076 -7.10888
29.0089 -7.10383
29.0101 -7.09876
29.0101 -7.09876
29.0113 -7.09369
29.0113 -7.09369
29.0126 -7.08864
29.0138 -7.08357
29.0138 -7.08357
29.015 -7.0785
29.015 -7.0785
29.0163 -7.07345
29.0175 -7.06838
29.0175 -7.06838
29.0187 -7.06331
29.0187 -7.06331
29.02 -7.05826
29.0212 -7.05319
29.0212 -7.05319
29.0215 -7.04788
29.0227 -7.04283
29.0227 -7.04283
29.0239 -7.03776
29.0239 -7.03776
29.0252 -7.03269
29.0264 -7.02761
29.0264 -7.02761
29.0276 -7.02256
29.0276 -7.02256
29.0288 -7.01749
29.0301 -7.01242
29.0301 -7.01242
29.0313 -7.00736
29.0313 -7.00736
29.0325 -7.00229
29.0337 -6.99722
29.0337 -6.99722
29.0349 -6.99216
29.0362 -6.98709
29.0362 -6.98709
29.0374 -6.98201
29.0374 -6.98201
29.0386 -6.97696
29.0398 -6.97188
29.0398 -6.97188
29.041 -6.96681
29.041 -6.96681
29.0422 -6.96175
29.0435 -6.95668
29.0435 -6.95668
29.0447 -6.9516
29.0447 -6.9516
29.0459 -6.94654
29.0471 -6.94147
29.0461 -6.94124
29.0473 -6.93616
29.0486 -6.9311
29.0486 -6.9311
29.0498 -6.92603
29.0498 -6.92603
29.051 -6.92095
29.0522 -6.91589
29.0522 -6.91589
29.0534 -6.91082
29.0534 -6.91082
29.0546 -6.90574
29.0558 -6.90067
29.0558 -6.90067
29.057 -6.8956
29.057 -6.8956
29.0582 -6.89053
29.0594 -6.88545
29.0594 -6.88545
29.0606 -6.88039
29.0606 -6.88039
29.0618 -6.87531
29.063 -6.87024
29.063 -6.87024
29.0642 -6.86517
29.0654 -6.8601
29.0654 -6.8601
29.0666 -6.85502
29.0666 -6.85502
29.0678 -6.84996
29.069 -6.84488
29.069 -6.84488
29.0702 -6.8398
29.0702 -6.8398
29.0714 -6.83474
29.0716 -6.82943
29.0716 -6.82943
29.0728 -6.82435
29.0728 -6.82435
29.074 -6.81929
29.0752 -6.81421
29.0752 -6.81421
29.0764 -6.80913
29.0775 -6.80406
29.0775 -6.80406
29.0787 -6.79898
29.0787 -6.79898
29.0799 -6.7939
29.0811 -6.78884
29.0811 -6.78884
29.0823 -6.78376
29.0823 -6.78376
29.0835 -6.77867
29.0847 -6.77359
29.0847 -6.77359
29.0858 -6.76853
29.0858 -6.76853
29.087 -6.76345
29.0882 -6.75836
29.0882 -6.75836
29.0894 -6.7533
29.0906 -6.74822
29.0906 -6.74822
29.0917 -6.74313
29.0917 -6.74313
29.0929 -6.73807
29.0941 -6.73298
29.0941 -6.73298
29.0953 -6.7279
29.0953 -6.7279
29.0955 -6.72261
29.0966 -6.71752
29.0966 -6.71752
29.0978 -6.71244
29.0978 -6.71244
29.099 -6.70737
29.1001 -6.70229
29.1001 -6.70229
29.1013 -6.69721
29.1025 -6.69214
29.1025 -6.69214
29.1036 -6.68705
29.1036 -6.68705
29.1048 -6.68197
29.106 -6.6769
29.106 -6.6769
29.1071 -6.67181
29.1071 -6.67181
29.1083 -6.66673
29.1095 -6.66166
29.1095 -6.66166
29.1106 -6.65657
29.1106 -6.65657
29.1118 -6.65149
29.113 -6.6464
29.113 -6.6464
29.1141 -6.64133
29.1153 -6.63624
29.1153 -6.63624
29.1164 -6.63116
29.1164 -6.63116
29.1176 -6.62609
29.1187 -6.621
29.1187 -6.621
29.1199 -6.61591
29.1189 -6.61569
29.1201 -6.61062
29.1212 -6.60553
29.1212 -6.60553
29.1224 -6.60044
29.1224 -6.60044
29.1235 -6.59537
29.1247 -6.59028
29.1247 -6.59028
29.1258 -6.58519
29.1258 -6.58519
29.127 -6.58012
29.1281 -6.57503
29.1281 -6.57503
29.1293 -6.56994
29.1304 -6.56487
29.1304 -6.56487
29.1316 -6.55978
29.1316 -6.55978
29.1327 -6.55469
29.1339 -6.54962
29.1339 -6.54962
29.135 -6.54453
29.135 -6.54453
29.1361 -6.53944
29.1373 -6.53436
29.1373 -6.53436
29.1384 -6.52927
29.1384 -6.52927
29.1396 -6.52418
29.1407 -6.51909
29.1407 -6.51909
29.1418 -6.51402
29.143 -6.50892
29.143 -6.50892
29.1431 -6.50361
29.1431 -6.50361
29.1443 -6.49854
29.1454 -6.49345
29.1454 -6.49345
29.1465 -6.48836
29.1465 -6.48836
29.1477 -6.48328
29.1488 -6.47819
29.1488 -6.47819
29.1499 -6.47309
29.1499 -6.47309
29.1511 -6.46802
29.1522 -6.46292
29.1522 -6.46292
29.1533 -6.45783
29.1544 -6.45275
29.1544 -6.45275
29.1556 -6.44766
29.1556 -6.44766
29.1567 -6.44257
29.1578 -6.43749
29.1578 -6.43749
29.1589 -6.43239
29.1589 -6.43239
29.1601 -6.4273
29.1612 -6.42222
29.1612 -6.42222
29.1623 -6.41713
29.1623 -6.41713
29.1634 -6.41203
29.1645 -6.40695
29.1645 -6.40695
29.1657 -6.40186
29.1668 -6.39676
29.1658 -6.39655
29.1669 -6.39145
29.1669 -6.39145
29.168 -6.38637
29.1691 -6.38127
29.1691 -6.38127
29.1703 -6.37618
29.1703 -6.37618
29.1714 -6.3711
29.1725 -6.366
29.1725 -6.366
29.1736 -6.3609
29.1736 -6.3609
29.1747 -6.35582
29.1758 -6.35073
29.1758 -6.35073
29.1769 -6.34563
29.178 -6.34055
29.178 -6.34055
29.1791 -6.33545
29.1791 -6.33545
29.1802 -6.33035
29.1813 -6.32527
29.1813 -6.32527
29.1824 -6.32017
29.1824 -6.32017
29.1836 -6.31507
29.1847 -6.30999
29.1847 -6.30999
29.1858 -6.30489
29.1858 -6.30489
29.1869 -6.29979
29.188 -6.29471
29.188 -6.29471
29.1891 -6.28961
29.1901 -6.28451
29.1892 -6.2843
29.1903 -6.27922
29.1903 -6.27922
29.1914 -6.27412
29.1925 -6.26902
29.1925 -6.26902
29.1936 -6.26392
29.1936 -6.26392
29.1946 -6.25883
29.1957 -6.25373
29.1957 -6.25373
29.1968 -6.24863
29.1968 -6.24863
29.1979 -6.24354
29.199 -6.23844
29.199 -6.23844
29.2001 -6.23334
29.2001 -6.23334
29.2012 -6.22826
29.2023 -6.22315
29.2023 -6.22315
29.2034 -6.21805
29.2044 -6.21297
29.2044 -6.21297
29.2055 -6.20786
29.2055 -6.20786
29.2066 -6.20276
29.2077 -6.19767
29.2077 -6.19767
29.2088 -6.19257
29.2088 -6.19257
29.2099 -6.18747
29.2109 -6.18238
29.2109 -6.18238
29.212 -6.17728
29.211 -6.17707
29.2121 -6.17197
29.2132 -6.16688
29.2132 -6.16688
29.2143 -6.16178
29.2153 -6.15667
29.2153 -6.15667
29.2164 -6.15158
29.2164 -6.15158
29.2175 -6.14648
29.2186 -6.14137
29.2186 -6.14137
29.2196 -6.13627
29.2196 -6.13627
29.2207 -6.13118
29.2218 -6.12608
29.2218 -6.12608
29.2228 -6.12097
29.2228 -6.12097
29.2239 -6.11588
29.225 -6.11078
29.225 -6.11078
29.226 -6.10567
29.2271 -6.10058
29.2271 -6.10058
29.2282 -6.09547
29.2282 -6.09547
29.2292 -6.09037
29.2303 -6.08528
29.2303 -6.08528
29.2314 -6.08017
 -0.90  342.96
 2017 229 29.882  -0.90  342.96
 2017 230 29.882  -0.90  342.97
 2017 231 29.882  -0.91  342.98
 2017 232 29.882  -0.91  342.98
 2017 233 29.882  -0.91  342.99
 2017 234 29.882  -0.91  342.99
 2017 235 29.881  -0.91  343.00
 2017 236 29.881  -0.91  343.01
 2017 237 29.881  -0.91  343.01
 2017 238 29.881  -0.91  343.02
 2017 239 29.881  -0.91  343.02
 2017 240 29.881  -0.91  343.03
 2017 241 29.881  -0.91  343.04
 2017 242 29.881  -0.91  343.04
 2017 243 29.881  -0.91  343.05
 2017 244 29.881  -0.91  343.05
 2017 245 29.881  -0.91  343.06
 2017 246 29.881  -0.91  343.07
 2017 247 29.881  -0.91  343.07
 2017 248 29.881  -0.91  343.08
 2017 249 29.881  -0.91  343.09
 2017 250 29.881  -0.91  343.09
 2017 251 29.881  -0.91  343.10
 2017 252 29.881  -0.91  343.10
 2017 253 29.881  -0.91  343.11
 2017 254 29.881  -0.91  343.12
 2017 255 29.881  -0.91  343.12
 2017 256 29.881  -0.91  343.13
 2017 257 29.881  -0.91  343.13
 2017 258 29.881  -0.91  343.14
 2017 259 29.881  -0.91  343.15
 2017 260 29.881  -0.91  343.15
 2017 261 29.881  -0.91  343.16
 2017 262 29.881  -0.91  343.16
 2017 263 29.881  -0.91  343.17
 2017 264 29.881  -0.91  343.18
 2017 265 29.881  -0.91  343.18
 2017 266 29.881  -0.91  343.19
 2017 267 29.881  -0.91  343.20
 2017 268 29.881  -0.91  343.20
 2017 269 29.880  -0.91  343.21
 2017 270 29.880  -0.91  343.21
 2017 271 29.880  -0.91  343.22
 2017 272 29.880  -0.91  343.23
 2017 273 29.880  -0.91  343.23
 2017 274 29.880  -0.91  343.24
 2017 275 29.880  -0.91  343.24
 2017 276 29.880  -0.91  343.25
 2017 277 29.880  -0.91  343.26
 2017 278 29.880  -0.91  343.26
 2017 279 29.880  -0.91  343.27
 2017 280 29.880  -0.91  343.27
 2017 281 29.880  -0.91  343.28
 2017 282 29.880  -0.91  343.29
 2017 283 29.880  -0.91  343.29
 2017 284 29.880  -0.91  343.30
 2017 285 29.880  -0.91  343.30
 2017 286 29.880  -0.91  343.31
 2017 287 29.880  -0.91  343.32
 2017 288 29.880  -0.91  343.32
 2017 289 29.880  -0.91  343.33
 2017 290 29.880  -0.91  343.34
 2017 291 29.880  -0.91  343.34
 2017 292 29.880  -0.91  343.35
 2017 293 29.880  -0.91  343.35
 2017 294 29.880  -0.92  343.36
 2017 295 29.880  -0.92  343.37
 2017 296 29.880  -0.92  343.37
 2017 297 29.880  -0.92  343.38
 2017 298 29.880  -0.92  343.38
 2017 299 29.880  -0.92  343.39
 2017 300 29.880  -0.92  343.40
 2017 301 29.880  -0.92  343.40
 2017 302 29.880  -0.92  343.41
 2017 303 29.879  -0.92  343.41
 2017 304 29.879  -0.92  343.42
 2017 305 29.879  -0.92  343.43
 2017 306 29.879  -0.92  343.43
 2017 307 29.879  -0.92  343.44
 2017 308 29.879  -0.92  343.45
 2017 309 29.879  -0.92  343.45
 2017 310 29.879  -0.92  343.46
 2017 311 29.879  -0.92  343.46
 2017 312 29.879  -0.92  343.47
 2017 313 29.879  -0.92  343.48
 2017 314 29.879  -0.92  343.48
 2017 315 29.879  -0.92  343.49
 2017 316 29.879  -0.92  343.49
 2017 317 29.879  -0.92  343.50
 2017 318 29.879  -0.92  343.51
 2017 319 29.879  -0.92  343.51
 2017 320 29.879  -0.92  343.52
 2017 321 29.879  -0.92  343.52
 2017 322 29.879  -0.92  343.53
 2017 323 29.879  -0.92  343.54
 2017 324 29.879  -0.92  343.54
 2017 325 29.879  -0.92  343.55
 2017 326 29.879  -0.92  343.55
 2017 327 29.879  -0.92  343.56
 2017 328 29.879  -0.92  343.57
 2017 329 29.879  -0.92  343.57
 2017 330 29.879  -0.92  343.58
 2017 331 29.879  -0.92  343.59
 2017 332 29.879  -0.92  343.59
 2017 333 29.879  -0.92  343.60
 2017 334 29.879  -0.92  343.60
 2017 335 29.879  -0.92  343.61
 2017 336 29.879  -0.92  343.62
 2017 337 29.878  -0.92  343.62
 2017 338 29.878  -0.92  343.63
 2017 339 29.878  -0.92  343.63
 2017 340 29.878  -0.92  343.64
 2017 341 29.878  -0.92  343.65
 2017 342 29.878  -0.92  343.65
 2017 343 29.878  -0.92  343.66
 2017 344 29.878  -0.92  343.66
 2017 345 29.878  -0.92  343.67
 2017 346 29.878  -0.92  343.68
 2017 347 29.878  -0.92  343.68
 2017 348 29.878  -0.92  343.69
 2017 349 29.878  -0.92  343.70
 2017 350 29.878  -0.92  343.70
 2017 351 29.878  -0.92  343.71
 2017 352 29.878  -0.92  343.71
 2017 353 29.878  -0.92  343.72
 2017 354 29.878  -0.92  343.73
 2017 355 29.878  -0.92  343.73
 2017 356 29.878  -0.93  343.74
 2017 357 29.878  -0.93  343.74
 2017 358 29.878  -0.93  343.75
 2017 359 29.878  -0.93  343.76
 2017 360 29.878  -0.93  343.76
 2017 361 29.878  -0.93  343.77
 2017 362 29.878  -0.93  343.77
 2017 363 29.878  -0.93  343.78
 2017 364 29.878  -0.93  343.79
 2017 365 29.878  -0.93  343.79
 2018   1 29.878  -0.93  343.80
 2018   2 29.878  -0.93  343.81
 2018   3 29.878  -0.93  343.81
 2018   4 29.878  -0.93  343.82
 2018   5 29.878  -0.93  343.82
 2018   6 29.877  -0.93  343.83
 2018   7 29.877  -0.93  343.84
 2018   8 29.877  -0.93  343.84
 2018   9 29.877  -0.93  343.85
 2018  10 29.877  -0.93  343.85
 2018  11 29.877  -0.93  343.86
 2018  12 29.877  -0.93  343.87
 2018  13 29.877  -0.93  343.87
 2018  14 29.877  -0.93  343.88
 2018  15 29.877  -0.93  343.88
 2018  16 29.877  -0.93  343.89
 2018  17 29.877  -0.93  343.90
 2018  18 29.877  -0.93  343.90
 2018  19 29.877  -0.93  343.91
 2018  20 29.877  -0.93  343.91
 2018  21 29.877  -0.93  343.92
 2018  22 29.877  -0.93  343.93
 2018  23 29.877  -0.93  343.93
 2018  24 29.877  -0.93  343.94
 2018  25 29.877  -0.93  343.95
 2018  26 29.877  -0.93  343.95
 2018  27 29.877  -0.93  343.96
 2018  28 29.877  -0.93  343.96
 2018  29 29.877  -0.93  343.97
 2018  30 29.877  -0.93  343.98
 2018  31 29.877  -0.93  343.98
 2018  32 29.877  -0.93  343.99
 2018  33 29.877  -0.93  343.99
 2018  34 29.877  -0.93  344.00
 2018  35 29.877  -0.93  344.01
 2018  36 29.877  -0.93  344.01
 2018  37 29.877  -0.93  344.02
 2018  38 29.877  -0.93  344.02
 2018  39 29.877  -0.93  344.03
 2018  40 29.876  -0.93  344.04
 2018  41 29.876  -0.93  344.04
 2018  42 29.876  -0.93  344.05
 2018  43 29.876  -0.93  344.06
 2018  44 29.876  -0.93  344.06
 2018  45 29.876  -0.93  344.07
 2018  46 29.876  -0.93  344.07
 2018  47 29.876  -0.93  344.08
 2018  48 29.876  -0.93  344.09
 2018  49 29.876  -0.93  344.09
 2018  50 29.876  -0.93  344.10
 2018  51 29.876  -0.93  344.10
 2018  52 29.876  -0.93  344.11
 2018  53 29.876  -0.93  344.12
 2018  54 29.876  -0.94  344.12
 2018  55 29.876  -0.94  344.13
 2018  56 29.876  -0.94  344.13
 2018  57 29.876  -0.94  344.14
 2018  58 29.876  -0.94  344.15
 2018  59 29.876  -0.94  344.15
 2018  60 29.876  -0.94  344.16
 2018  61 29.876  -0.94  344.16
 2018  62 29.876  -0.94  344.17
 2018  63 29.876  -0.94  344.18
 2018  64 29.876  -0.94  344.18
 2018  65 29.876  -0.94  344.19
 2018  66 29.876  -0.94  344.20
 2018  67 29.876  -0.94  344.20
 2018  68 29.876  -0.94  344.21
 2018  69 29.876  -0.94  344.21
 2018  70 29.876  -0.94  344.22
 2018  71 29.876  -0.94  344.23
 2018  72 29.876  -0.94  344.23
 2018  73 29.876  -0.94  344.24
 2018  74 29.875  -0.94  344.24
 2018  75 29.875  -0.94  344.25
 2018  76 29.875  -0.94  344.26
 2018  77 29.875  -0.94  344.26
 2018  78 29.875  -0.94  344.27
 2018  79 29.875  -0.94  344.27
 2018  80 29.875  -0.94  344.28
 2018  81 29.875  -0.94  344.29
 2018  82 29.875  -0.94  344.29
 2018  83 29.875  -0.94  344.30
 2018  84 29.875  -0.94  344.31
 2018  85 29.875  -0.94  344.31
 2018  86 29.875  -0.94  344.32
 2018  87 29.875  -0.94  344.32
 2018  88 29.875  -0.94  344.33
 2018  89 29.875  -0.94  344.34
 2018  90 29.875  -0.94  344.34
 2018  91 29.875  -0.94  344.35
 2018  92 29.875  -0.94  344.35
 2018  93 29.875  -0.94  344.36
 2018  94 29.875  -0.94  344.37
 2018  95 29.875  -0.94  344.37
 2018  96 29.875  -0.94  344.38
 2018  97 29.875  -0.94  344.38
 2018  98 29.875  -0.94  344.39
 2018  99 29.875  -0.94  344.40
 2018 100 29.875  -0.94  344.40
 2018 101 29.875  -0.94  344.41
 2018 102 29.875  -0.94  344.41
 2018 103 29.875  -0.94  344.42
 2018 104 29.875  -0.94  344.43
 2018 105 29.875  -0.94  344.43
 2018 106 29.875  -0.94  344.44
 2018 107 29.875  -0.94  344.45
 2018 108 29.874  -0.94  344.45
 2018 109 29.874  -0.94  344.46
 2018 110 29.874  -0.94  344.46
 2018 111 29.874  -0.94  344.47
 2018 112 29.874  -0.94  344.48
 2018 113 29.874  -0.94  344.48
 2018 114 29.874  -0.94  344.49
 2018 115 29.874  -0.94  344.49
 2018 116 29.874  -0.94  344.50
 2018 117 29.874  -0.95  344.51
 2018 118 29.874  -0.95  344.51
 2018 119 29.874  -0.95  344.52
 2018 120 29.874  -0.95  344.52
 2018 121 29.874  -0.95  344.53
 2018 122 29.874  -0.95  344.54
 2018 123 29.874  -0.95  344.54
 2018 124 29.874  -0.95  344.55
 2018 125 29.874  -0.95  344.56
 2018 126 29.874  -0.95  344.56
 2018 127 29.874  -0.95  344.57
 2018 128 29.874  -0.95  344.57
 2018 129 29.874  -0.95  344.58
 2018 130 29.874  -0.95  344.59
 2018 131 29.874  -0.95  344.59
 2018 132 29.874  -0.95  344.60
 2018 133 29.874  -0.95  344.60
 2018 134 29.874  -0.95  344.61
 2018 135 29.874  -0.95  344.62
 2018 136 29.874  -0.95  344.62
 2018 137 29.874  -0.95  344.63
 2018 138 29.874  -0.95  344.63
 2018 139 29.874  -0.95  344.64
 2018 140 29.874  -0.95  344.65
 2018 141 29.874  -0.95  344.65
 2018 142 29.874  -0.95  344.66
 2018 143 29.873  -0.95  344.67
 2018 144 29.873  -0.95  344.67
 2018 145 29.873  -0.95  344.68
 2018 146 29.873  -0.95  344.68
 2018 147 29.873  -0.95  344.69
 2018 148 29.873  -0.95  344.70
 2018 149 29.873  -0.95  344.70
 2018 150 29.873  -0.95  344.71
 2018 151 29.873  -0.95  344.71
 2018 152 29.873  -0.95  344.72
 2018 153 29.873  -0.95  344.73
 2018 154 29.873  -0.95  344.73
 2018 155 29.873  -0.95  344.74
 2018 156 29.873  -0.95  344.74
 2018 157 29.873  -0.95  344.75
 2018 158 29.873  -0.95  344.76
 2018 159 29.873  -0.95  344.76
 2018 160 29.873  -0.95  344.77
 2018 161 29.873  -0.95  344.77
 2018 162 29.873  -0.95  344.78
 2018 163 29.873  -0.95  344.79
 2018 164 29.873  -0.95  344.79
 2018 165 29.873  -0.95  344.80
 2018 166 29.873  -0.95  344.81
 2018 167 29.873  -0.95  344.81
 2018 168 29.873  -0.95  344.82
 2018 169 29.873  -0.95  344.82
 2018 170 29.873  -0.95  344.83
 2018 171 29.873  -0.95  344.84
 2018 172 29.873  -0.95  344.84
 2018 173 29.873  -0.95  344.85
 2018 174 29.873  -0.95  344.85
 2018 175 29.873  -0.95  344.86
 2018 176 29.873  -0.95  344.87
 2018 177 29.872  -0.95  344.87
 2018 178 29.872  -0.95  344.88
 2018 179 29.872  -0.95  344.88
 2018 180 29.872  -0.95  344.89
 2018 181 29.872  -0.96  344.90
 2018 182 29.872  -0.96  344.90
 2018 183 29.872  -0.96  344.91
 2018 184 29.872  -0.96  344.92
 2018 185 29.872  -0.96  344.92
 2018 186 29.872  -0.96  344.93
 2018 187 29.872  -0.96  344.93
 2018 188 29.872  -0.96  344.94
 2018 189 29.872  -0.96  344.95
 2018 190 29.872  -0.96  344.95
 2018 191 29.872  -0.96  344.96
 2018 192 29.872  -0.96  344.96
 2018 193 29.872  -0.96  344.97
 2018 194 29.872  -0.96  344.98
 2018 195 29.872  -0.96  344.98
 2018 196 29.872  -0.96  344.99
 2018 197 29.872  -0.96  344.99
 2018 198 29.872  -0.96  345.00
 2018 199 29.872  -0.96  345.01
 2018 200 29.872  -0.96  345.01
 2018 201 29.872  -0.96  345.02
 2018 202 29.872  -0.96  345.02
 2018 203 29.872  -0.96  345.03
 2018 204 29.872  -0.96  345.04
 2018 205 29.872  -0.96  345.04
 2018 206 29.872  -0.96  345.05
 2018 207 29.872  -0.96  345.06
 2018 208 29.872  -0.96  345.06
 2018 209 29.872  -0.96  345.07
 2018 210 29.872  -0.96  345.07
 2018 211 29.871  -0.96  345.08
 2018 212 29.871  -0.96  345.09
 2018 213 29.871  -0.96  345.09
 2018 214 29.871  -0.96  345.10
 2018 215 29.871  -0.96  345.10
 2018 216 29.871  -0.96  345.11
 2018 217 29.871  -0.96  345.12
 2018 218 29.871  -0.96  345.12
 2018 219 29.871  -0.96  345.13
 2018 220 29.871  -0.96  345.13
 2018 221 29.871  -0.96  345.14
 2018 222 29.871  -0.96  345.15
 2018 223 29.871  -0.96  345.15
 2018 224 29.871  -0.96  345.16
 2018 225 29.871  -0.96  345.17
 2018 226 29.871  -0.96  345.17
 2018 227 29.871  -0.96  345.18
 2018 228 29.871  -0.96  345.18
 2018 229 29.871  -0.96  345.19
 2018 230 29.871  -0.96  345.20
 2018 231 29.871  -0.96  345.20
 2018 232 29.871  -0.96  345.21
 2018 233 29.871  -0.96  345.21
 2018 234 29.871  -0.96  345.22
 2018 235 29.871  -0.96  345.23
 2018 236 29.871  -0.96  345.23
 2018 237 29.871  -0.96  345.24
 2018 238 29.871  -0.96  345.24
 2018 239 29.871  -0.96  345.25
 2018 240 29.871  -0.96  345.26
 2018 241 29.871  -0.96  345.26
 2018 242 29.871  -0.96  345.27
 2018 243 29.871  -0.96  345.28
 2018 244 29.871  -0.97  345.28
 2018 245 29.871  -0.97  345.29
 2018 246 29.870  -0.97  345.29
 2018 247 29.870  -0.97  345.30
 2018 248 29.870  -0.97  345.31
 2018 249 29.870  -0.97  345.31
 2018 250 29.870  -0.97  345.32
 2018 251 29.870  -0.97  345.32
 2018 252 29.870  -0.97  345.33
 2018 253 29.870  -0.97  345.34
 2018 254 29.870  -0.97  345.34
 2018 255 29.870  -0.97  345.35
 2018 256 29.870  -0.97  345.35
 2018 257 29.870  -0.97  345.36
 2018 258 29.870  -0.97  345.37
 2018 259 29.870  -0.97  345.37
 2018 260 29.870  -0.97  345.38
 2018 261 29.870  -0.97  345.38
 2018 262 29.870  -0.97  345.39
 2018 263 29.870  -0.97  345.40
 2018 264 29.870  -0.97  345.40
 2018 265 29.870  -0.97  345.41
 2018 266 29.870  -0.97  345.42
 2018 267 29.870  -0.97  345.42
 2018 268 29.870  -0.97  345.43
 2018 269 29.870  -0.97  345.43
 2018 270 29.870  -0.97  345.44
 2018 271 29.870  -0.97  345.45
 2018 272 29.870  -0.97  345.45
 2018 273 29.870  -0.97  345.46
 2018 274 29.870  -0.97  345.46
 2018 275 29.870  -0.97  345.47
 2018 276 29.870  -0.97  345.48
 2018 277 29.870  -0.97  345.48
 2018 278 29.870  -0.97  345.49
 2018 279 29.870  -0.97  345.49
 2018 280 29.869  -0.97  345.50
 2018 281 29.869  -0.97  345.51
 2018 282 29.869  -0.97  345.51
 2018 283 29.869  -0.97  345.52
 2018 284 29.869  -0.97  345.53
 2018 285 29.869  -0.97  345.53
 2018 286 29.869  -0.97  345.54
 2018 287 29.869  -0.97  345.54
 2018 288 29.869  -0.97  345.55
 2018 289 29.869  -0.97  345.56
 2018 290 29.869  -0.97  345.56
 2018 291 29.869  -0.97  345.57
 2018 292 29.869  -0.97  345.57
 2018 293 29.869  -0.97  345.58
 2018 294 29.869  -0.97  345.59
 2018 295 29.869  -0.97  345.59
 2018 296 29.869  -0.97  345.60
 2018 297 29.869  -0.97  345.60
 2018 298 29.869  -0.97  345.61
 2018 299 29.869  -0.97  345.62
 2018 300 29.869  -0.97  345.62
 2018 301 29.869  -0.97  345.63
 2018 302 29.869  -0.97  345.64
 2018 303 29.869  -0.97  345.64
 2018 304 29.869  -0.97  345.65
 2018 305 29.869  -0.97  345.65
 2018 306 29.869  -0.97  345.66
 2018 307 29.869  -0.97  345.67
 2018 308 29.869  -0.98  345.67
 2018 309 29.869  -0.98  345.68
 2018 310 29.869  -0.98  345.68
 2018 311 29.869  -0.98  345.69
 2018 312 29.869  -0.98  345.70
 2018 313 29.869  -0.98  345.70
 2018 314 29.869  -0.98  345.71
 2018 315 29.868  -0.98  345.71
 2018 316 29.868  -0.98  345.72
 2018 317 29.868  -0.98  345.73
 2018 318 29.868  -0.98  345.73
 2018 319 29.868  -0.98  345.74
 2018 320 29.868  -0.98  345.75
 2018 321 29.868  -0.98  345.75
 2018 322 29.868  -0.98  345.76
 2018 323 29.868  -0.98  345.76
 2018 324 29.868  -0.98  345.77
 2018 325 29.868  -0.98  345.78
 2018 326 29.868  -0.98  345.78
 2018 327 29.868  -0.98  345.79
 2018 328 29.868  -0.98  345.79
 2018 329 29.868  -0.98  345.80
 2018 330 29.868  -0.98  345.81
 2018 331 29.868  -0.98  345.81
 2018 332 29.868  -0.98  345.82
 2018 333 29.868  -0.98  345.82
 2018 334 29.868  -0.98  345.83
 2018 335 29.868  -0.98  345.84
 2018 336 29.868  -0.98  345.84
 2018 337 29.868  -0.98  345.85
 2018 338 29.868  -0.98  345.85
 2018 339 29.868  -0.98  345.86
 2018 340 29.868  -0.98  345.87
 2018 341 29.868  -0.98  345.87
 2018 342 29.868  -0.98  345.88
 2018 343 29.868  -0.98  345.89
 2018 344 29.868  -0.98  345.89
 2018 345 29.868  -0.98  345.90
 2018 346 29.868  -0.98  345.90
 2018 347 29.868  -0.98  345.91
 2018 348 29.868  -0.98  345.92
 2018 349 29.868  -0.98  345.92
 2018 350 29.867  -0.98  345.93
 2018 351 29.867  -0.98  345.93
 2018 352 29.867  -0.98  345.94
 2018 353 29.867  -0.98  345.95
 2018 354 29.867  -0.98  345.95
 2018 355 29.867  -0.98  345.96
 2018 356 29.867  -0.98  345.96
 2018 357 29.867  -0.98  345.97
 2018 358 29.867  -0.98  345.98
 2018 359 29.867  -0.98  345.98
 2018 360 29.867  -0.98  345.99
 2018 361 29.867  -0.98  346.00
 2018 362 29.867  -0.98  346.00
 2018 363 29.867  -0.98  346.01
 2018 364 29.867  -0.98  346.01
 2018 365 29.867  -0.98  346.02
 2019   1 29.867  -0.98  346.03
 2019   2 29.867  -0.98  346.03
 2019   3 29.867  -0.98  346.04
 2019   4 29.867  -0.98  346.04
 2019   5 29.867  -0.98  346.05
 2019   6 29.867  -0.98  346.06
 2019   7 29.867  -0.99  346.06
 2019   8 29.867  -0.99  346.07
 2019   9 29.867  -0.99  346.07
 2019  10 29.867  -0.99  346.08
 2019  11 29.867  -0.99  346.09
 2019  12 29.867  -0.99  346.09
 2019  13 29.867  -0.99  346.10
 2019  14 29.867  -0.99  346.11
 2019  15 29.867  -0.99  346.11
 2019  16 29.867  -0.99  346.12
 2019  17 29.867  -0.99  346.12
 2019  18 29.867  -0.99  346.13
 2019  19 29.866  -0.99  346.14
 2019  20 29.866  -0.99  346.14
 2019  21 29.866  -0.99  346.15
 2019  22 29.866  -0.99  346.15
 2019  23 29.866  -0.99  346.16
 2019  24 29.866  -0.99  346.17
 2019  25 29.866  -0.99  346.17
 2019  26 29.866  -0.99  346.18
 2019  27 29.866  -0.99  346.18
 2019  28 29.866  -0.99  346.19
 2019  29 29.866  -0.99  346.20
 2019  30 29.866  -0.99  346.20
 2019  31 29.866  -0.99  346.21
 2019  32 29.866  -0.99  346.21
 2019  33 29.866  -0.99  346.22
 2019  34 29.866  -0.99  346.23
 2019  35 29.866  -0.99  346.23
 2019  36 29.866  -0.99  346.24
 2019  37 29.866  -0.99  346.25
 2019  38 29.866  -0.99  346.25
 2019  39 29.866  -0.99  346.26
 2019  40 29.866  -0.99  346.26
 2019  41 29.866  -0.99  346.27
 2019  42 29.866  -0.99  346.28
 2019  43 29.866  -0.99  346.28
 2019  44 29.866  -0.99  346.29
 2019  45 29.866  -0.99  346.29
 2019  46 29.866  -0.99  346.30
 2019  47 29.866  -0.99  346.31
 2019  48 29.866  -0.99  346.31
 2019  49 29.866  -0.99  346.32
 2019  50 29.866  -0.99  346.32
 2019  51 29.866  -0.99  346.33
 2019  52 29.866  -0.99  346.34
 2019  53 29.866  -0.99  346.34
 2019  54 29.865  -0.99  346.35
 2019  55 29.865  -0.99  346.36
 2019  56 29.865  -0.99  346.36
 2019  57 29.865  -0.99  346.37
 2019  58 29.865  -0.99  346.37
 2019  59 29.865  -0.99  346.38
 2019  60 29.865  -0.99  346.39
 2019  61 29.865  -0.99  346.39
 2019  62 29.865  -0.99  346.40
 2019  63 29.865  -0.99  346.40
 2019  64 29.865  -0.99  346.41
 2019  65 29.865  -0.99  346.42
 2019  66 29.865  -0.99  346.42
 2019  67 29.865  -0.99  346.43
 2019  68 29.865  -0.99  346.43
 2019  69 29.865  -0.99  346.44
 2019  70 29.865  -0.99  346.45
 2019  71 29.865  -0.99  346.45
 2019  72 29.865  -1.00  346.46
 2019  73 29.865  -1.00  346.47
 2019  74 29.865  -1.00  346.47
 2019  75 29.865  -1.00  346.48
 2019  76 29.865  -1.00  346.48
 2019  77 29.865  -1.00  346.49
 2019  78 29.865  -1.00  346.50
 2019  79 29.865  -1.00  346.50
 2019  80 29.865  -1.00  346.51
 2019  81 29.865  -1.00  346.51
 2019  82 29.865  -1.00  346.52
 2019  83 29.865  -1.00  346.53
 2019  84 29.865  -1.00  346.53
 2019  85 29.865  -1.00  346.54
 2019  86 29.865  -1.00  346.54
 2019  87 29.865  -1.00  346.55
 2019  88 29.865  -1.00  346.56
 2019  89 29.864  -1.00  346.56
 2019  90 29.864  -1.00  346.57
 2019  91 29.864  -1.00  346.58
 2019  92 29.864  -1.00  346.58
 2019  93 29.864  -1.00  346.59
 2019  94 29.864  -1.00  346.59
 2019  95 29.864  -1.00  346.60
 2019  96 29.864  -1.00  346.61
 2019  97 29.864  -1.00  346.61
 2019  98 29.864  -1.00  346.62
 2019  99 29.864  -1.00  346.62
 2019 100 29.864  -1.00  346.63
 2019 101 29.864  -1.00  346.64
 2019 102 29.864  -1.00  346.64
 2019 103 29.864  -1.00  346.65
 2019 104 29.864  -1.00  346.65
 2019 105 29.864  -1.00  346.66
 2019 106 29.864  -1.00  346.67
 2019 107 29.864  -1.00  346.67
 2019 108 29.864  -1.00  346.68
 2019 109 29.864  -1.00  346.68
 2019 110 29.864  -1.00  346.69
 2019 111 29.864  -1.00  346.70
 2019 112 29.864  -1.00  346.70
 2019 113 29.864  -1.00  346.71
 2019 114 29.864  -1.00  346.72
 2019 115 29.864  -1.00  346.72
 2019 116 29.864  -1.00  346.73
 2019 117 29.864  -1.00  346.73
 2019 118 29.864  -1.00  346.74
 2019 119 29.864  -1.00  346.75
 2019 120 29.864  -1.00  346.75
 2019 121 29.864  -1.00  346.76
 2019 122 29.864  -1.00  346.76
 2019 123 29.864  -1.00  346.77
 2019 124 29.863  -1.00  346.78
 2019 125 29.863  -1.00  346.78
 2019 126 29.863  -1.00  346.79
 2019 127 29.863  -1.00  346.79
 2019 128 29.863  -1.00  346.80
 2019 129 29.863  -1.00  346.81
 2019 130 29.863  -1.00  346.81
 2019 131 29.863  -1.00  346.82
 2019 132 29.863  -1.00  346.83
 2019 133 29.863  -1.00  346.83
 2019 134 29.863  -1.00  346.84
 2019 135 29.863  -1.00  346.84
 2019 136 29.863  -1.00  346.85
 2019 137 29.863  -1.01  346.86
 2019 138 29.863  -1.01  346.86
 2019 139 29.863  -1.01  346.87
 2019 140 29.863  -1.01  346.87
 2019 141 29.863  -1.01  346.88
 2019 142 29.863  -1.01  346.89
 2019 143 29.863  -1.01  346.89
 2019 144 29.863  -1.01  346.90
 2019 145 29.863  -1.01  346.90
 2019 146 29.863  -1.01  346.91
 2019 147 29.863  -1.01  346.92
 2019 148 29.863  -1.01  346.92
 2019 149 29.863  -1.01  346.93
 2019 150 29.863  -1.01  346.94
 2019 151 29.863  -1.01  346.94
 2019 152 29.863  -1.01  346.95
 2019 153 29.863  -1.01  346.95
 2019 154 29.863  -1.01  346.96
 2019 155 29.863  -1.01  346.97
 2019 156 29.863  -1.01  346.97
 2019 157 29.863  -1.01  346.98
 2019 158 29.863  -1.01  346.98
 2019 159 29.862  -1.01  346.99
 2019 160 29.862  -1.01  347.00
 2019 161 29.862  -1.01  347.00
 2019 162 29.862  -1.01  347.01
 2019 163 29.862  -1.01  347.01
 2019 164 29.862  -1.01  347.02
 2019 165 29.862  -1.01  347.03
 2019 166 29.862  -1.01  347.03
 2019 167 29.862  -1.01  347.04
 2019 168 29.862  -1.01  347.05
 2019 169 29.862  -1.01  347.05
 2019 170 29.862  -1.01  347.06
 2019 171 29.862  -1.01  347.06
 2019 172 29.862  -1.01  347.07
 2019 173 29.862  -1.01  347.08
 2019 174 29.862  -1.01  347.08
 2019 175 29.862  -1.01  347.09
 2019 176 29.862  -1.01  347.09
 2019 177 29.862  -1.01  347.10
 2019 178 29.862  -1.01  347.11
 2019 179 29.862  -1.01  347.11
 2019 180 29.862  -1.01  347.12
 2019 181 29.862  -1.01  347.12
 2019 182 29.862  -1.01  347.13
 2019 183 29.862  -1.01  347.14
 2019 184 29.862  -1.01  347.14
 2019 185 29.862  -1.01  347.15
 2019 186 29.862  -1.01  347.16
 2019 187 29.862  -1.01  347.16
 2019 188 29.862  -1.01  347.17
 2019 189 29.862  -1.01  347.17
 2019 190 29.862  -1.01  347.18
 2019 191 29.862  -1.01  347.19
 2019 192 29.862  -1.01  347.19
 2019 193 29.862  -1.01  347.20
 2019 194 29.861  -1.01  347.20
 2019 195 29.861  -1.01  347.21
 2019 196 29.861  -1.01  347.22
 2019 197 29.861  -1.01  347.22
 2019 198 29.861  -1.01  347.23
 2019 199 29.861  -1.01  347.23
 2019 200 29.861  -1.01  347.24
 2019 201 29.861  -1.01  347.25
 2019 202 29.861  -1.02  347.25
 2019 203 29.861  -1.02  347.26
 2019 204 29.861  -1.02  347.26
 2019 205 29.861  -1.02  347.27
 2019 206 29.861  -1.02  347.28
 2019 207 29.861  -1.02  347.28
 2019 208 29.861  -1.02  347.29
 2019 209 29.861  -1.02  347.30
 2019 210 29.861  -1.02  347.30
 2019 211 29.861  -1.02  347.31
 2019 212 29.861  -1.02  347.31
 2019 213 29.861  -1.02  347.32
 2019 214 29.861  -1.02  347.33
 2019 215 29.861  -1.02  347.33
 2019 216 29.861  -1.02  347.34
 2019 217 29.861  -1.02  347.34
 2019 218 29.861  -1.02  347.35
 2019 219 29.861  -1.02  347.36
 2019 220 29.861  -1.02  347.36
 2019 221 29.861  -1.02  347.37
 2019 222 29.861  -1.02  347.37
 2019 223 29.861  -1.02  347.38
 2019 224 29.861  -1.02  347.39
 2019 225 29.861  -1.02  347.39
 2019 226 29.861  -1.02  347.40
 2019 227 29.861  -1.02  347.41
 2019 228 29.861  -1.02  347.41
 2019 229 29.860  -1.02  347.42
 2019 230 29.860  -1.02  347.42
 2019 231 29.860  -1.02  347.43
 2019 232 29.860  -1.02  347.44
 2019 233 29.860  -1.02  347.44
 2019 234 29.860  -1.02  347.45
 2019 235 29.860  -1.02  347.45
 2019 236 29.860  -1.02  347.46
 2019 237 29.860  -1.02  347.47
 2019 238 29.860  -1.02  347.47
 2019 239 29.860  -1.02  347.48
 2019 240 29.860  -1.02  347.48
 2019 241 29.860  -1.02  347.49
 2019 242 29.860  -1.02  347.50
 2019 243 29.860  -1.02  347.50
 2019 244 29.860  -1.02  347.51
 2019 245 29.860  -1.02  347.52
 2019 246 29.860  -1.02  347.52
 2019 247 29.860  -1.02  347.53
 2019 248 29.860  -1.02  347.53
 2019 249 29.860  -1.02  347.54
 2019 250 29.860  -1.02  347.55
 2019 251 29.860  -1.02  347.55
 2019 252 29.860  -1.02  347.56
 2019 253 29.860  -1.02  347.56
 2019 254 29.860  -1.02  347.57
 2019 255 29.860  -1.02  347.58
 2019 256 29.860  -1.02  347.58
 2019 257 29.860  -1.02  347.59
 2019 258 29.860  -1.02  347.59
 2019 259 29.860  -1.02  347.60
 2019 260 29.860  -1.02  347.61
 2019 261 29.860  -1.02  347.61
 2019 262 29.860  -1.02  347.62
 2019 263 29.860  -1.02  347.63
 2019 264 29.859  -1.02  347.63
 2019 265 29.859  -1.02  347.64
 2019 266 29.859  -1.02  347.64
 2019 267 29.859  -1.03  347.65
 2019 268 29.859  -1.03  347.66
 2019 269 29.859  -1.03  347.66
 2019 270 29.859  -1.03  347.67
 2019 271 29.859  -1.03  347.67
 2019 272 29.859  -1.03  347.68
 2019 273 29.859  -1.03  347.69
 2019 274 29.859  -1.03  347.69
 2019 275 29.859  -1.03  347.70
 2019 276 29.859  -1.03  347.70
 2019 277 29.859  -1.03  347.71
 2019 278 29.859  -1.03  347.72
 2019 279 29.859  -1.03  347.72
 2019 280 29.859  -1.03  347.73
 2019 281 29.859  -1.03  347.74
 2019 282 29.859  -1.03  347.74
 2019 283 29.859  -1.03  347.75
 2019 284 29.859  -1.03  347.75
 2019 285 29.859  -1.03  347.76
 2019 286 29.859  -1.03  347.77
 2019 287 29.859  -1.03  347.77
 2019 288 29.859  -1.03  347.78
 2019 289 29.859  -1.03  347.78
 2019 290 29.859  -1.03  347.79
 2019 291 29.859  -1.03  347.80
 2019 292 29.859  -1.03  347.80
 2019 293 29.859  -1.03  347.81
 2019 294 29.859  -1.03  347.81
 2019 295 29.859  -1.03  347.82
 2019 296 29.859  -1.03  347.83
 2019 297 29.859  -1.03  347.83
 2019 298 29.859  -1.03  347.84
 2019 299 29.859  -1.03  347.85
 2019 300 29.858  -1.03  347.85
 2019 301 29.858  -1.03  347.86
 2019 302 29.858  -1.03  347.86
 2019 303 29.858  -1.03  347.87
 2019 304 29.858  -1.03  347.88
 2019 305 29.858  -1.03  347.88
 2019 306 29.858  -1.03  347.89
 2019 307 29.858  -1.03  347.89
 2019 308 29.858  -1.03  347.90
 2019 309 29.858  -1.03  347.91
 2019 310 29.858  -1.03  347.91
 2019 311 29.858  -1.03  347.92
 2019 312 29.858  -1.03  347.92
 2019 313 29.858  -1.03  347.93
 2019 314 29.858  -1.03  347.94
 2019 315 29.858  -1.03  347.94
 2019 316 29.858  -1.03  347.95
 2019 317 29.858  -1.03  347.95
 2019 318 29.858  -1.03  347.96
 2019 319 29.858  -1.03  347.97
 2019 320 29.858  -1.03  347.97
 2019 321 29.858  -1.03  347.98
 2019 322 29.858  -1.03  347.99
 2019 323 29.858  -1.03  347.99
 2019 324 29.858  -1.03  348.00
 2019 325 29.858  -1.03  348.00
 2019 326 29.858  -1.03  348.01
 2019 327 29.858  -1.03  348.02
 2019 328 29.858  -1.03  348.02
 2019 329 29.858  -1.03  348.03
 2019 330 29.858  -1.03  348.03
 2019 331 29.858  -1.03  348.04
 2019 332 29.858  -1.03  348.05
 2019 333 29.858  -1.04  348.05
 2019 334 29.858  -1.04  348.06
 2019 335 29.857  -1.04  348.06
 2019 336 29.857  -1.04  348.07
 2019 337 29.857  -1.04  348.08
 2019 338 29.857  -1.04  348.08
 2019 339 29.857  -1.04  348.09
 2019 340 29.857  -1.04  348.10
 2019 341 29.857  -1.04  348.10
 2019 342 29.857  -1.04  348.11
 2019 343 29.857  -1.04  348.11
 2019 344 29.857  -1.04  348.12
 2019 345 29.857  -1.04  348.13
 2019 346 29.857  -1.04  348.13
 2019 347 29.857  -1.04  348.14
 2019 348 29.857  -1.04  348.14
 2019 349 29.857  -1.04  348.15
 2019 350 29.857  -1.04  348.16
 2019 351 29.857  -1.04  348.16
 2019 352 29.857  -1.04  348.17
 2019 353 29.857  -1.04  348.17
 2019 354 29.857  -1.04  348.18
 2019 355 29.857  -1.04  348.19
 2019 356 29.857  -1.04  348.19
 2019 357 29.857  -1.04  348.20
 2019 358 29.857  -1.04  348.21
 2019 359 29.857  -1.04  348.21
 2019 360 29.857  -1.04  348.22
 2019 361 29.857  -1.04  348.22
 2019 362 29.857  -1.04  348.23
 2019 363 29.857  -1.04  348.24
 2019 364 29.857  -1.04  348.24
 2019 365 29.857  -1.04  348.25