-5.26902 -8.43212
-5.26364 -8.43666
-5.25926 -8.43939
-5.25478 -8.44218
-5.25039 -8.44491
-5.24591 -8.44769
-5.24152 -8.45042
-5.23765 -8.45399
-5.23317 -8.45677
-5.22877 -8.45949
-5.22437 -8.46221
-5.21989 -8.46497
-5.21601 -8.46854
-5.21161 -8.47125
-5.20712 -8.47401
-5.20118 -8.47765
-5.19677 -8.48036
-5.19236 -8.48306
-5.18839 -8.48666
-5.18398 -8.48936
-5.17956 -8.49205
-5.17506 -8.4948
-5.17064 -8.49749
-5.16622 -8.50017
-5.16223 -8.50377
-5.15781 -8.50645
-5.1533 -8.50918
-5.14888 -8.51186
-5.14445 -8.51454
-5.13849 -8.51814
-5.13457 -8.52167
-5.13006 -8.52438
-5.12562 -8.52705
-5.1211 -8.52977
-5.11666 -8.53243
-5.11223 -8.53509
-5.10822 -8.53865
-5.10378 -8.54131
-5.09933 -8.54396
-5.09481 -8.54666
-5.09036 -8.54931
-5.08591 -8.55196
-5.08189 -8.55551
-5.07744 -8.55815
-5.07145 -8.5617
-5.067 -8.56434
-5.06246 -8.56703
-5.058 -8.56966
-5.05405 -8.57315
-5.04951 -8.57582
-5.04505 -8.57845
-5.04059 -8.58107
-5.03604 -8.58374
-5.03157 -8.58636
-5.02753 -8.58989
-5.02306 -8.5925
-5.01859 -8.59511
-5.01403 -8.59777
-5.0081 -8.60123
-5.00354 -8.60388
-4.99957 -8.60735
-4.99501 -8.60999
-4.99053 -8.61259
-4.98605 -8.61518
-4.98148 -8.61783
-4.977 -8.62042
-4.97302 -8.62387
-4.96845 -8.6265
-4.96396 -8.62909
-4.95947 -8.63167
-4.9549 -8.63429
-4.95041 -8.63687
-4.94641 -8.64031
-4.94183 -8.64293
-4.93578 -8.64639
-4.93128 -8.64895
-4.92679 -8.65151
-4.9222 -8.65413
-4.91819 -8.65755
-4.91369 -8.66011
-4.9091 -8.66271
-4.90459 -8.66526
-4.9 -8.66786
-4.89549 -8.67041
-4.89098 -8.67295
-4.88688 -8.67642
-4.88236 -8.67896
-4.87785 -8.68149
-4.87325 -8.68408
-4.86725 -8.68744
-4.86265 -8.69002
-4.85862 -8.69342
-4.85401 -8.69599
-4.84949 -8.69851
-4.84496 -8.70103
-4.84035 -8.7036
-4.83583 -8.70612
-4.83178 -8.70951
-4.82717 -8.71206
-4.82263 -8.71457
-4.8181 -8.71708
-4.81348 -8.71963
-4.80895 -8.72213
-4.80481 -8.72556
-4.80027 -8.72805
-4.79416 -8.73141
-4.78962 -8.73391
-4.78508 -8.73639
-4.78044 -8.73893
-4.7759 -8.74141
-4.77183 -8.74477
-4.7672 -8.7473
-4.76265 -8.74978
-4.75801 -8.7523
-4.75346 -8.75478
-4.7489 -8.75725
-4.74474 -8.76064
-4.74018 -8.76311
-4.73562 -8.76557
-4.73098 -8.76808
-4.72642 -8.77054
-4.72028 -8.77385
-4.71619 -8.77718
-4.71153 -8.77968
-4.70697 -8.78213
-4.7024 -8.78457
-4.69775 -8.78706
-4.69317 -8.78951
-4.68861 -8.79194
-4.68441 -8.79531
-4.67984 -8.79774
-4.67518 -8.80022
-4.6706 -8.80265
-4.66602 -8.80508
-4.66136 -8.80755
-4.65724 -8.81086
-4.65266 -8.81328
-4.64799 -8.81575
-4.6419 -8.81895
-4.63723 -8.82141
-4.63264 -8.82382
-4.62796 -8.82627
-4.62384 -8.82957
-4.61924 -8.83197
-4.61456 -8.83442
-4.60997 -8.83681
-4.60537 -8.83921
-4.60069 -8.84165
-4.59655 -8.84493
-4.59195 -8.84732
-4.58726 -8.84975
-4.58266 -8.85213
-4.57797 -8.85456
-4.57336 -8.85694
-4.56876 -8.85932
-4.56301 -8.8634
-4.5584 -8.86577
-4.5537 -8.86819
-4.54909 -8.87056
-4.54448 -8.87292
-4.53977 -8.87533
-4.53516 -8.87769
-4.5309 -8.88098
-4.52629 -8.88333
-4.52167 -8.88569
-4.51696 -8.88808
-4.51233 -8.89043
-4.50771 -8.89277
-4.50345 -8.89606
-4.49882 -8.8984
-4.49419 -8.90073
-4.48948 -8.90311
-4.48484 -8.90545
-4.47861 -8.90859
-4.47398 -8.91091
-4.4697 -8.91418
-4.46507 -8.9165
-4.46043 -8.91882
-4.4557 -8.92118
-4.45106 -8.9235
-4.44642 -8.92581
-4.44169 -8.92817
-4.43749 -8.93137
-4.43276 -8.93372
-4.42811 -8.93602
-4.42346 -8.93833
-4.41873 -8.94067
-4.41408 -8.94297
-4.40943 -8.94526
-4.40512 -8.94849
-4.40047 -8.95078
-4.39421 -8.95386
-4.38955 -8.95615
-4.3848 -8.95847
-4.38014 -8.96075
-4.37592 -8.96393
-4.37117 -8.96624
-4.3665 -8.96852
-4.36184 -8.97078
-4.35708 -8.9731
-4.35242 -8.97536
-4.34766 -8.97767
-4.34343 -8.98082
-4.33876 -8.98308
-4.334 -8.98538
-4.32932 -8.98763
-4.32465 -8.98988
-4.31988 -8.99217
-4.31521 -8.99442
-4.31096 -8.99756
-4.30466 -9.00058
-4.29989 -9.00286
-4.29521 -9.00509
-4.29053 -9.00733
-4.28575 -9.0096
-4.28107 -9.01183
-4.27681 -9.01495
-4.27203 -9.01722
-4.26734 -9.01944
-4.26265 -9.02166
-4.25787 -9.02392
-4.25318 -9.02613
-4.24839 -9.02838
-4.24412 -9.03149
-4.23942 -9.0337
-4.23464 -9.03595
-4.22993 -9.03815
-4.22524 -9.04034
-4.22044 -9.04258
-4.21574 -9.04478
-4.20983 -9.04863
-4.20512 -9.05082
-4.20033 -9.05305
-4.19562 -9.05523
-4.19091 -9.05741
-4.18611 -9.05963
-4.1814 -9.0618
-4.17668 -9.06398
-4.1723 -9.0671
-4.16758 -9.06927
-4.16287 -9.07143
-4.15806 -9.07364
-4.15334 -9.0758
-4.14853 -9.078
-4.14381 -9.08016
-4.1395 -9.08322
-4.13469 -9.08541
-4.12996 -9.08756
-4.12523 -9.08971
-4.12041 -9.09189
-4.11405 -9.09478
-4.10932 -9.09691
-4.105 -9.09996
-4.10017 -9.10214
-4.09544 -9.10426
-4.09071 -9.10639
-4.08588 -9.10856
-4.08114 -9.11068
-4.07641 -9.1128
-4.07198 -9.11588
-4.06724 -9.11799
-4.0625 -9.12011
-4.05767 -9.12226
-4.05292 -9.12437
-4.04809 -9.12651
-4.04334 -9.12862
-4.03859 -9.13072
-4.03415 -9.13377
-4.02941 -9.13587
-4.02465 -9.13796
-4.01981 -9.1401
-4.01341 -9.14291
-4.00866 -9.14499
-4.0039 -9.14708
-3.99945 -9.15011
-3.9947 -9.15219
-3.98993 -9.15427
-3.98508 -9.15638
-3.98032 -9.15845
-3.97556 -9.16052
-3.9707 -9.16263
-3.96594 -9.16469
-3.96157 -9.16767
-3.95671 -9.16977
-3.95194 -9.17182
-3.94708 -9.17392
-3.94231 -9.17597
-3.93754 -9.17802
-3.93267 -9.1801
-3.92829 -9.18306
-3.92351 -9.18511
-3.91865 -9.18718
-3.91387 -9.18922
-3.90743 -9.19196
-3.90265 -9.19399
-3.89778 -9.19606
-3.893 -9.19808
-3.8886 -9.20103
-3.88373 -9.20309
-3.87894 -9.20511
-3.87415 -9.20712
-3.86927 -9.20917
-3.86448 -9.21118
-3.85969 -9.21319
-3.85481 -9.21524
-3.8504 -9.21816
-3.84552 -9.2202
-3.84072 -9.2222
-3.83592 -9.2242
-3.83103 -9.22623
-3.82623 -9.22822
-3.82144 -9.23021
-3.81692 -9.23316
-3.81213 -9.23514
-3.80732 -9.23712
-3.80085 -9.23978
-3.79596 -9.2418
-3.79115 -9.24377
-3.78634 -9.24574
-3.78144 -9.24774
-3.77701 -9.25063
-3.7722 -9.2526
-3.7673 -9.25459
-3.76248 -9.25655
-3.75767 -9.25851
-3.75276 -9.2605
-3.74795 -9.26245
-3.74304 -9.26443
-3.73859 -9.26731
-3.73377 -9.26925
-3.72886 -9.27123
-3.72404 -9.27317
-3.71922 -9.2751
-3.7143 -9.27707
-3.70948 -9.279
-3.70465 -9.28093
-3.7001 -9.28382
-3.69527 -9.28574
-3.69035 -9.2877
-3.68394 -9.29024
-3.67902 -9.29219
-3.67419 -9.29411
-3.66935 -9.29602
-3.66443 -9.29796
-3.65995 -9.30079
-3.65503 -9.30273
-3.65019 -9.30463
-3.64535 -9.30653
-3.64041 -9.30846
-3.63558 -9.31035
-3.63073 -9.31224
-3.6258 -9.31416
-3.62131 -9.31698
-3.61647 -9.31886
-3.61153 -9.32078
-3.60668 -9.32265
-3.60183 -9.32453
-3.59689 -9.32643
-3.59204 -9.3283
-3.5871 -9.33021
-3.58224 -9.33207
-3.57775 -9.33486
-3.5728 -9.33676
-3.56795 -9.33862
-3.56141 -9.34111
-3.55655 -9.34296
-3.5516 -9.34485
-3.54674 -9.34669
-3.54187 -9.34854
-3.53728 -9.35135
-3.53241 -9.35319
-3.52755 -9.35502
-3.52259 -9.35689
-3.51772 -9.35872
-3.51285 -9.36055
-3.5079 -9.36241
-3.50302 -9.36423
-3.49851 -9.36699
-3.49354 -9.36884
-3.48867 -9.37066
-3.4837 -9.3725
-3.47883 -9.37431
-3.47395 -9.37612
-3.46898 -9.37796
-3.4641 -9.37976
-3.45923 -9.38156
-3.4546 -9.38434
-3.44972 -9.38613
-3.44484 -9.38792
-3.43986 -9.38975
-3.43329 -9.39215
-3.4284 -9.39394
-3.42352 -9.39572
-3.41854 -9.39753
-3.41399 -9.40025
-3.4091 -9.40202
-3.40412 -9.40383
-3.39923 -9.4056
-3.39434 -9.40736
-3.38935 -9.40916
-3.38446 -9.41092
-3.37947 -9.41271
-3.37458 -9.41447
-3.37002 -9.41716
-3.36503 -9.41895
-3.36013 -9.4207
-3.35523 -9.42244
-3.35023 -9.42422
-3.34533 -9.42596
-3.34043 -9.4277
-3.33544 -9.42947
-3.33053 -9.4312
-3.32587 -9.43391
-3.32096 -9.43564
-3.31605 -9.43736
-3.31105 -9.43912
-3.30614 -9.44084
-3.30123 -9.44256
-3.29462 -9.44487
-3.28971 -9.44658
-3.2847 -9.44832
-3.28011 -9.45097
-3.27511 -9.45271
-3.27019 -9.45441
-3.26527 -9.45611
-3.26026 -9.45784
-3.25534 -9.45953
-3.25042 -9.46122
-3.24541 -9.46295
-3.24048 -9.46463
-3.23589 -9.46726
-3.23087 -9.46898
-3.22595 -9.47065
-3.22092 -9.47236
-3.216 -9.47404
-3.21107 -9.47571
-3.20605 -9.47741
-3.20112 -9.47907
-3.19619 -9.48074
-3.19148 -9.48338
-3.18655 -9.48504
-3.18162 -9.48669
-3.17659 -9.48838
-3.17166 -9.49003
-3.16672 -9.49167
-3.16169 -9.49335
-3.15676 -9.49499
-3.15011 -9.4972
-3.14548 -9.49979
-3.14045 -9.50145
-3.13551 -9.50309
-3.13057 -9.50471
-3.12553 -9.50637
-3.12058 -9.508
-3.11554 -9.50965
-3.1106 -9.51127
-3.10565 -9.51289
-3.10092 -9.51548
-3.09597 -9.51709
-3.09102 -9.5187
-3.08598 -9.52034
-3.08103 -9.52194
-3.07607 -9.52354
-3.07103 -9.52517
-3.06607 -9.52677
-3.06112 -9.52836
-3.05607 -9.52998
-3.05142 -9.53252
-3.04636 -9.53414
-3.04141 -9.53572
-3.03645 -9.5373
-3.03139 -9.53891
-3.02643 -9.54048
-3.02147 -9.54205
-3.01641 -9.54365
-3.01145 -9.54522
-3.00678 -9.54774
-3.00172 -9.54933
-2.99504 -9.55143
-2.99007 -9.55299
-2.9851 -9.55454
-2.98004 -9.55612
-2.97507 -9.55767
-2.9701 -9.55922
-2.96503 -9.56079
-2.96006 -9.56233
-2.95528 -9.56485
-2.95031 -9.56639
-2.94534 -9.56792
-2.94027 -9.56948
-2.93529 -9.57101
-2.93031 -9.57253
-2.92524 -9.57409
-2.92026 -9.5756
-2.91528 -9.57712
-2.9102 -9.57867
-2.90551 -9.58114
-2.90053 -9.58264
-2.89545 -9.58418
-2.89047 -9.58568
-2.88538 -9.58722
-2.8804 -9.58871
-2.87541 -9.59021
-2.87033 -9.59173
-2.86534 -9.59322
-2.86035 -9.59471
-2.85555 -9.59719
-2.85056 -9.59867
-2.84557 -9.60015
-2.84048 -9.60166
-2.83549 -9.60313
-2.8304 -9.60463
-2.82377 -9.60658
-2.81868 -9.60808
-2.81368 -9.60954
-2.80868 -9.61101
-2.80387 -9.61345
-2.79887 -9.61491
-2.79387 -9.61636
-2.78877 -9.61784
-2.78377 -9.61929
-2.77867 -9.62077
-2.77367 -9.62221
-2.76867 -9.62365
-2.76357 -9.62512
-2.75856 -9.62655
-2.75356 -9.62799
-2.74873 -9.63041
-2.74372 -9.63183
-2.73871 -9.63326
-2.7336 -9.63471
-2.72859 -9.63613
-2.72349 -9.63758
-2.71847 -9.63899
-2.71346 -9.6404
-2.70835 -9.64184
-2.70333 -9.64325
-2.69859 -9.64561
-2.69348 -9.64704
-2.68846 -9.64844
-2.68344 -9.64984
-2.67833 -9.65126
-2.67331 -9.65265
-2.66829 -9.65404
-2.66317 -9.65545
-2.65815 -9.65684
-2.65303 -9.65824
-2.64801 -9.65962
-2.64151 -9.66244
-2.63649 -9.66381
-2.63146 -9.66518
-2.62634 -9.66657
-2.62131 -9.66794
-2.61619 -9.66933
-2.61116 -9.67068
-2.60613 -9.67204
-2.601 -9.67342
-2.59597 -9.67477
-2.59094 -9.67612
-2.58607 -9.67846
-2.58104 -9.6798
-2.576 -9.68114
-2.57087 -9.68251
-2.56584 -9.68384
-2.5608 -9.68517
-2.55567 -9.68653
-2.55063 -9.68786
-2.54549 -9.68921
-2.54046 -9.69053
-2.53542 -9.69185
-2.53053 -9.69416
-2.52549 -9.69548
-2.52045 -9.69679
-2.51531 -9.69812
-2.51027 -9.69943
-2.50522 -9.70073
-2.50008 -9.70206
-2.49504 -9.70336
-2.48989 -9.70468
-2.48485 -9.70597
-2.4798 -9.70726
-2.4749 -9.70955
-2.46985 -9.71083
-2.4648 -9.71211
-2.45966 -9.71342
-2.4546 -9.7147
-2.44955 -9.71597
-2.44275 -9.71768
-2.4376 -9.71898
-2.43255 -9.72024
-2.42749 -9.72151
-2.42233 -9.72279
-2.41728 -9.72405
-2.41246 -9.72628
-2.40731 -9.72755
-2.40225 -9.72881
-2.39719 -9.73005
-2.39203 -9.73132
-2.38697 -9.73256
-2.38181 -9.73383
-2.37675 -9.73506
-2.37169 -9.7363
-2.36653 -9.73756
-2.36146 -9.73878
-2.3564 -9.74001
-2.35147 -9.74223
-2.34641 -9.74345
-2.34134 -9.74467
-2.33617 -9.74591
-2.3311 -9.74712
-2.32604 -9.74834
-2.32087 -9.74957
-2.3158 -9.75077
-2.31063 -9.752
-2.30556 -9.7532
-2.30049 -9.7544
-2.29532 -9.75561
-2.29047 -9.75778
-2.2854 -9.75897
-2.28023 -9.76018
-2.27515 -9.76136
-2.27007 -9.76255
-2.2649 -9.76375
-2.25982 -9.76492
-2.25465 -9.76612
-2.24957 -9.76729
-2.24449 -9.76846
-2.23931 -9.76965
-2.23423 -9.77081
-2.22761 -9.77335
-2.22253 -9.7745
-2.21745 -9.77566
-2.21227 -9.77683
-2.20718 -9.77798
-2.202 -9.77915
-2.19692 -9.78029
-2.19183 -9.78144
-2.18665 -9.78259
-2.18156 -9.78373
-2.17647 -9.78486
-2.17128 -9.78602
-2.1662 -9.78714
-2.16132 -9.78925
-2.15613 -9.79039
-2.15104 -9.79151
-2.14585 -9.79265
-2.14076 -9.79376
-2.13566 -9.79487
-2.13047 -9.796
-2.12538 -9.79711
-2.12028 -9.79821
-2.11509 -9.79934
-2.10999 -9.80044
-2.1049 -9.80153
-2.0997 -9.80265
-2.09481 -9.80472
-2.08972 -9.8058
-2.08452 -9.80691
-2.07942 -9.80799
-2.07422 -9.80909
-2.06912 -9.81017
-2.06401 -9.81124
-2.05882 -9.81234
-2.05371 -9.81341
-2.04861 -9.81447
-2.04341 -9.81556
-2.0383 -9.81662
-2.0332 -9.81768
-2.0282 -9.81973
-2.02309 -9.82079
-2.01789 -9.82186
-2.01278 -9.82291
-2.00767 -9.82395
-2.00246 -9.82501
-1.99735 -9.82605
-1.99224 -9.82709
-1.98704 -9.82814
-1.98025 -9.82951
-1.97504 -9.83056
-1.96993 -9.83159
-1.96472 -9.83263
-1.95961 -9.83365
-1.95469 -9.83565
-1.94948 -9.83668
-1.94436 -9.8377
-1.93925 -9.8387
-1.93403 -9.83973
-1.92891 -9.84074
-1.92379 -9.84174
-1.91858 -9.84276
-1.91346 -9.84375
-1.90824 -9.84476
-1.90312 -9.84576
-1.898 -9.84674
-1.89278 -9.84775
-1.88766 -9.84873
-1.88273 -9.85069
-1.87751 -9.85169
-1.87238 -9.85267
-1.86726 -9.85364
-1.86204 -9.85463
-1.85692 -9.85559
-1.85179 -9.85656
-1.84656 -9.85754
-1.84144 -9.8585
-1.83621 -9.85947
-1.83109 -9.86042
-1.82596 -9.86138
-1.82073 -9.86234
-1.8156 -9.86329
-1.81047 -9.86423
-1.80542 -9.86617
-1.80029 -9.86711
-1.79516 -9.86804
-1.78993 -9.86899
-1.7848 -9.86992
-1.77957 -9.87087
-1.77443 -9.87179
-1.7693 -9.87271
-1.76407 -9.87365
-1.75894 -9.87457
-1.7538 -9.87548
-1.74857 -9.87641
-1.74343 -9.87731
-1.73829 -9.87822
-1.73306 -9.87914
-1.72809 -9.88102
-1.72295 -9.88192
-1.71772 -9.88283
-1.71258 -9.88373
-1.70566 -9.88492
-1.70052 -9.88581
-1.69528 -9.88671
-1.69014 -9.88759
-1.68499 -9.88847
-1.67976 -9.88936
-1.67461 -9.89023
-1.66937 -9.89112
-1.66423 -9.89198
-1.65908 -9.89285
-1.65384 -9.89372
-1.6487 -9.89458
-1.64371 -9.89643
-1.63847 -9.89729
-1.63332 -9.89815
-1.62817 -9.89899
-1.62293 -9.89986
-1.61778 -9.9007
-1.61253 -9.90155
-1.60738 -9.90239
-1.60223 -9.90323
-1.59698 -9.90407
-1.59183 -9.9049
-1.58668 -9.90573
-1.58143 -9.90657
-1.57628 -9.90739
-1.57113 -9.90821
-1.56588 -9.90904
-1.56072 -9.90985
-1.55572 -9.91165
-1.55047 -9.91247
-1.54531 -9.91328
-1.54006 -9.9141
-1.5349 -9.9149
-1.52975 -9.91569
-1.52449 -9.9165
-1.51934 -9.91729
-1.51418 -9.91808
-1.50893 -9.91888
-1.50376 -9.91967
-1.49861 -9.92045
-1.49335 -9.92124
-1.48819 -9.92201
-1.48293 -9.9228
-1.47777 -9.92357
-1.47261 -9.92434
-1.4675 -9.92611
-1.46233 -9.92687
-1.45717 -9.92763
-1.45191 -9.9284
-1.44675 -9.92915
-1.44158 -9.9299
-1.43632 -9.93067
-1.43116 -9.93141
-1.426 -9.93215
-1.42073 -9.93291
-1.41557 -9.93365
-1.4103 -9.9344
-1.40513 -9.93513
-1.39997 -9.93586
-1.3947 -9.9366
-1.38785 -9.93756
-1.38258 -9.93829
-1.37741 -9.93901
-1.37228 -9.94073
-1.36711 -9.94144
-1.36194 -9.94215
-1.35667 -9.94287
-1.3515 -9.94357
-1.34633 -9.94428
-1.34106 -9.94499
-1.33589 -9.94568
-1.33071 -9.94638
-1.32544 -9.94708
-1.32027 -9.94777
-1.3151 -9.94845
-1.30982 -9.94915
-1.30465 -9.94983
-1.29938 -9.95052
-1.2942 -9.95119
-1.28903 -9.95187
-1.28375 -9.95255
-1.27858 -9.95321
-1.2734 -9.95388
-1.26825 -9.95554
-1.26307 -9.9562
-1.2579 -9.95686
-1.25262 -9.95752
-1.24744 -9.95817
-1.24216 -9.95883
-1.23698 -9.95948
-1.2318 -9.96012
-1.22653 -9.96077
-1.22134 -9.96141
-1.21617 -9.96204
-1.21088 -9.96268
-1.20571 -9.96331
-1.20052 -9.96394
-1.19524 -9.96457
-1.19006 -9.96519
-1.18488 -9.96581
-1.1796 -9.96644
-1.17442 -9.96705
-1.16913 -9.96767
-1.16407 -9.96927
-1.15888 -9.96987
-1.1536 -9.97049
-1.14841 -9.97108
-1.14323 -9.97168
-1.13794 -9.97228
-1.13276 -9.97287
-1.12757 -9.97346
-1.12228 -9.97406
-1.1171 -9.97464
-1.11181 -9.97523
-1.10662 -9.97581
-1.10144 -9.97638
-1.09615 -9.97696
-1.09096 -9.97753
-1.08577 -9.9781
-1.08048 -9.97867
-1.07529 -9.97923
-1.07011 -9.97979
-1.06481 -9.98036
-1.05963 -9.98091
-1.05443 -9.98146
-1.04925 -9.98301
-1.04406 -9.98356
-1.03877 -9.98411
-1.03357 -9.98465
-1.02838 -9.98518
-1.02309 -9.98573
-1.0162 -9.98643
-1.01091 -9.98697
-1.00571 -9.98749
-1.00042 -9.98802
-0.995226 -9.98854
-0.990034 -9.98906
-0.984737 -9.98958
-0.979545 -9.99009
-0.974348 -9.9906
-0.969055 -9.99112
-0.963857 -9.99162
-0.958659 -9.99212
-0.953365 -9.99262
-0.948167 -9.99312
-0.942973 -9.99361
-0.937673 -9.99411
-0.932479 -9.9946
-0.927179 -9.99509
-0.922076 -9.99656
-0.916875 -9.99704
-0.911579 -9.99753
-0.906378 -9.998
-0.901181 -9.99847
-0.89588 -9.99895
-0.890682 -9.99941
-0.88548 -9.99987
-0.880183 -10.0003
-0.87498 -10.0008
-0.869682 -10.0013
-0.864479 -10.0017
-0.85928 -10.0022
-0.853977 -10.0026
-0.848778 -10.0031
-0.843574 -10.0035
-0.838274 -10.0039
-0.833069 -10.0044
-0.82787 -10.0048
-0.822564 -10.0052
-0.817364 -10.0057
-0.812159 -10.0061
-0.806858 -10.0065
-0.801652 -10.0069
-0.79635 -10.0074
-0.791144 -10.0078
-0.785943 -10.0082
-0.780713 -10.0096
-0.775511 -10.01
-0.770303 -10.0104
-0.765 -10.0108
-0.759792 -10.0112
-0.754588 -10.0116
-0.74928 -10.012
-0.744076 -10.0124
-0.738767 -10.0128
-0.733563 -10.0132
-0.728353 -10.0135
-0.723048 -10.0139
-0.717839 -10.0143
-0.712634 -10.0147
-0.707323 -10.0151
-0.702118 -10.0154
-0.696908 -10.0158
-0.691601 -10.0162
-0.686391 -10.0165
-0.681184 -10.0169
-0.675873 -10.0172
-0.670662 -10.0176
-0.665355 -10.0179
-0.660143 -10.0183
-0.654936 -10.0186
-0.649623 -10.019
-0.644416 -10.0193
-0.639203 -10.0196
-0.633895 -10.02
-0.628683 -10.0203
-0.623536 -10.0216
-0.618223 -10.022
-0.613013 -10.0223
-0.607699 -10.0226
-0.60249 -10.0229
-0.597276 -10.0232
-0.591965 -10.0235
-0.586751 -10.0238
-0.581541 -10.0241
-0.574524 -10.0246
-0.569309 -10.0248
-0.563998 -10.0251
-0.558782 -10.0254
-0.553471 -10.0257
-0.548255 -10.026
-0.543044 -10.0263
-0.537728 -10.0266
-0.532516 -10.0269
-0.5273 -10.0271
-0.521988 -10.0274
-0.516771 -10.0277
-0.511559 -10.028
-0.506242 -10.0282
-0.50103 -10.0285
-0.495712 -10.0288
-0.4905 -10.029
-0.485282 -10.0293
-0.479969 -10.0295
-0.474751 -10.0298
-0.469538 -10.03
-0.46422 -10.0303
-0.459006 -10.0305
-0.453788 -10.0307
-0.448474 -10.031
-0.443256 -10.0312
-0.438042 -10.0314
-0.432766 -10.0327
-0.427551 -10.0329
-0.422231 -10.0331
-0.417016 -10.0333
-0.411797 -10.0336
-0.406481 -10.0338
-0.401261 -10.034
-0.396046 -10.0342
-0.390726 -10.0344
-0.38551 -10.0346
-0.38029 -10.0348
-0.374974 -10.035
-0.369753 -10.0352
-0.364437 -10.0354
-0.359216 -10.0356
-0.353995 -10.0358
-0.348678 -10.0359
-0.343457 -10.0361
-0.338241 -10.0363
-0.332919 -10.0365
-0.327703 -10.0367
-0.322481 -10.0368
-0.317164 -10.037
-0.311943 -10.0372
-0.306726 -10.0373
-0.301403 -10.0375
-0.296186 -10.0376
-0.290864 -10.0378
-0.285647 -10.0379
-0.280425 -10.0381
-0.275107 -10.0382
-0.269885 -10.0384
-0.264667 -10.0385
-0.259344 -10.0387
-0.254127 -10.0388
-0.248904 -10.0389
-0.243586 -10.039
-0.238363 -10.0392
-0.233045 -10.0393
-0.227822 -10.0394
-0.222604 -10.0395
-0.21728 -10.0396
-0.212062 -10.0398
-0.206839 -10.0399
-0.20152 -10.04
-0.196297 -10.0401
-0.191079 -10.0402
-0.185755 -10.0403
-0.180555 -10.0414
-0.175331 -10.0415
-0.170011 -10.0416
-0.164787 -10.0416
-0.159468 -10.0417
-0.154244 -10.0418
-0.149024 -10.0419
-0.1437 -10.042
-0.13848 -10.042
-0.133256 -10.0421
-0.127936 -10.0422
-0.122712 -10.0423
-0.117492 -10.0423
-0.112167 -10.0424
-0.106948 -10.0424
-0.101623 -10.0425
-0.0964033 -10.0425
-0.0911788 -10.0426
-0.0858586 -10.0426
-0.0806341 -10.0427
-0.0754096 -10.0427
-0.0700893 -10.0428
-0.0648648 -10.0428
-0.0578348 -10.0428
-0.052615 -10.0429
-0.0472899 -10.0429
-0.04207 -10.0429
-0.0368454 -10.0429
-0.031525 -10.043
-0.0263004 -10.043
-0.0210805 -10.043
-0.0157553 -10.043
-0.0105354 -10.043
-0.00531074 -10.043
9.69751e-06 -10.043
0.00523436 -10.043
0.0105548 -10.043
0.0157795 -10.043
0.0209993 -10.043
0.0263245 -10.043
0.0315444 -10.043
0.036769 -10.0429
0.0420894 -10.0429
0.047314 -10.0429
0.0525338 -10.0429
0.057859 -10.0428
0.0630788 -10.0428
0.0684039 -10.0428
0.0736236 -10.0427
0.0788481 -10.0427
0.0841684 -10.0426
0.0893929 -10.0426
0.0946125 -10.0426
0.0999375 -10.0425
0.105157 -10.0424
0.110381 -10.0424
0.115702 -10.0423
0.120926 -10.0423
0.126145 -10.0422
0.13147 -10.0421
0.13669 -10.0421
0.142014 -10.042
0.147234 -10.0419
0.152458 -10.0418
0.157778 -10.0418
0.163002 -10.0417
0.168221 -10.0416
0.173545 -10.0415
0.178764 -10.0414
0.183988 -10.0413
0.189308 -10.0412
0.194531 -10.0411
0.199851 -10.041
0.205074 -10.0409
0.210293 -10.0408
0.215617 -10.0407
0.220836 -10.0406
0.226059 -10.0405
0.231378 -10.0403
0.236601 -10.0402
0.241825 -10.0401
0.247143 -10.04
0.252366 -10.0398
0.257585 -10.0397
0.262908 -10.0396
0.268126 -10.0394
0.273449 -10.0393
0.278667 -10.0391
0.28389 -10.039
0.289208 -10.0388
0.294431 -10.0387
0.299648 -10.0385
0.304971 -10.0384
0.310189 -10.0382
0.315411 -10.038
0.320728 -10.0379
0.32595 -10.0377
0.331167 -10.0375
0.33649 -10.0374
0.341707 -10.0372
0.347029 -10.037
0.352245 -10.0368
0.357467 -10.0366
0.362784 -10.0364
0.368005 -10.0363
0.373221 -10.0361
0.378543 -10.0359
0.383759 -10.0357
0.38898 -10.0355
0.394296 -10.0353
0.399517 -10.0351
0.404833 -10.0348
0.410053 -10.0346
0.415269 -10.0344
0.420589 -10.0342
0.425805 -10.034
0.431025 -10.0337
0.43634 -10.0335
0.44156 -10.0333
0.446774 -10.0331
0.452094 -10.0328
0.457309 -10.0326
0.462528 -10.0323
0.467843 -10.0321
0.473062 -10.0319
0.478376 -10.0316
0.483595 -10.0314
0.488809 -10.0311
0.494127 -10.0308
0.499341 -10.0306
0.504559 -10.0303
0.509873 -10.03
0.515091 -10.0298
0.522111 -10.0294
0.527329 -10.0291
0.532642 -10.0289
0.537859 -10.0286
0.543071 -10.0283
0.548389 -10.028
0.553601 -10.0277
0.558817 -10.0274
0.56413 -10.0271
0.569346 -10.0268
0.574557 -10.0266
0.579874 -10.0262
0.585085 -10.0259
0.590401 -10.0256
0.595612 -10.0253
0.600827 -10.025
0.606138 -10.0247
0.611353 -10.0244
0.616563 -10.0241
0.621878 -10.0237
0.627088 -10.0234
0.632302 -10.0231
0.637612 -10.0227
0.642826 -10.0224
0.648136 -10.0221
0.653349 -10.0217
0.658558 -10.0214
0.663872 -10.021
0.66908 -10.0207
0.674293 -10.0203
0.679601 -10.02
0.684814 -10.0196
0.690022 -10.0193
0.695334 -10.0189
0.700541 -10.0185
0.705753 -10.0182
0.71106 -10.0178
0.716272 -10.0174
0.721579 -10.017
0.72679 -10.0167
0.731996 -10.0163
0.737307 -10.0159
0.742512 -10.0155
0.747723 -10.0151
0.753028 -10.0147
0.758238 -10.0143
0.763443 -10.0139
0.768753 -10.0135
0.773957 -10.0131
0.779266 -10.0127
0.78447 -10.0123
0.789679 -10.0119
0.794983 -10.0115
0.800191 -10.0111
0.805394 -10.0107
0.810702 -10.0102
0.815905 -10.0098
0.821112 -10.0094
0.826415 -10.0089
0.831622 -10.0085
0.836828 -10.0081
0.84213 -10.0076
0.847336 -10.0072
0.852637 -10.0067
0.857843 -10.0063
0.863044 -10.0058
0.868349 -10.0054
0.873549 -10.0049
0.878754 -10.0045
0.884054 -10.004
0.889258 -10.0036
0.894458 -10.0031
0.899762 -10.0026
0.90496 -10.0021
0.910264 -10.0017
0.915462 -10.0012
0.920665 -10.0007
0.925871 -9.99923
0.931072 -9.99874
0.936269 -9.99826
0.94157 -9.99776
0.946767 -9.99727
0.951967 -9.99678
0.957263 -9.99627
0.962463 -9.99577
0.967659 -9.99527
0.972958 -9.99475
0.978153 -9.99425
0.983452 -9.99373
0.988646 -9.99321
0.993845 -9.9927
0.999139 -9.99217
1.00434 -9.99165
1.00953 -9.99113
1.01483 -9.99059
1.02002 -9.99006
1.02522 -9.98953
1.03051 -9.98898
1.03571 -9.98845
1.041 -9.9879
1.04619 -9.98735
1.05138 -9.98681
1.05668 -9.98625
1.06187 -9.9857
1.06706 -9.98515
1.07235 -9.98458
1.07755 -9.98402
1.08274 -9.98346
1.08803 -9.98288
1.09502 -9.98212
1.10021 -9.98155
1.1054 -9.98097
1.11069 -9.98039
1.11588 -9.97981
1.12107 -9.97923
1.12636 -9.97863
1.13155 -9.97804
1.13673 -9.97745
1.14202 -9.97685
1.14721 -9.97626
1.1525 -9.97565
1.15768 -9.97505
1.16287 -9.97444
1.16816 -9.97382
1.17334 -9.97322
1.17841 -9.97161
1.1837 -9.97099
1.18888 -9.97037
1.19407 -9.96975
1.19935 -9.96911
1.20453 -9.96849
1.20972 -9.96786
1.215 -9.96722
1.22018 -9.96659
1.22547 -9.96594
1.23065 -9.9653
1.23583 -9.96466
1.24111 -9.964
1.24629 -9.96336
1.25147 -9.96271
1.25675 -9.96204
1.26193 -9.96139
1.26711 -9.96073
1.27239 -9.96006
1.27757 -9.95939
1.28285 -9.95871
1.28803 -9.95805
1.2932 -9.95738
1.29848 -9.95669
1.30366 -9.95601
1.30884 -9.95533
1.31411 -9.95464
1.31929 -9.95395
1.32446 -9.95327
1.32974 -9.95256
1.33491 -9.95187
1.34009 -9.95117
1.34536 -9.95046
1.35054 -9.94976
1.35581 -9.94904
1.36098 -9.94834
1.36602 -9.94664
1.37129 -9.94591
1.37646 -9.9452
1.38163 -9.94448
1.3869 -9.94375
1.39208 -9.94302
1.39724 -9.9423
1.40251 -9.94156
1.40768 -9.94083
1.41295 -9.94008
1.41812 -9.93934
1.42329 -9.9386
1.42856 -9.93785
1.43372 -9.9371
1.43889 -9.93636
1.44416 -9.93559
1.44933 -9.93484
1.45449 -9.93409
1.45976 -9.93331
1.46492 -9.93255
1.47009 -9.93179
1.47535 -9.93101
1.48051 -9.93024
1.48577 -9.92945
1.49094 -9.92868
1.4961 -9.9279
1.50136 -9.92711
1.50652 -9.92633
1.51169 -9.92554
1.51694 -9.92474
1.52211 -9.92395
1.52711 -9.92217
1.53237 -9.92136
1.53753 -9.92056
1.54279 -9.91974
1.54795 -9.91894
1.55311 -9.91813
1.55836 -9.91731
1.56352 -9.9165
1.56867 -9.91568
1.57393 -9.91485
1.57908 -9.91403
1.58424 -9.91321
1.58949 -9.91237
1.59643 -9.91125
1.60159 -9.91042
1.60674 -9.90959
1.61199 -9.90873
1.61714 -9.90789
1.6223 -9.90705
1.62754 -9.90619
1.6327 -9.90534
1.63785 -9.90449
1.6431 -9.90362
1.64824 -9.90277
1.65349 -9.90189
1.65864 -9.90103
1.66363 -9.89918
1.66887 -9.8983
1.67402 -9.89743
1.67916 -9.89656
1.68441 -9.89567
1.68955 -9.89479
1.6947 -9.89391
1.69994 -9.89301
1.70509 -9.89212
1.71023 -9.89124
1.71547 -9.89033
1.72062 -9.88943
1.72586 -9.88852
1.731 -9.88762
1.73614 -9.88672
1.74138 -9.8858
1.74652 -9.88489
1.75166 -9.88398
1.7569 -9.88305
1.76204 -9.88214
1.76718 -9.88122
1.77242 -9.88028
1.77755 -9.87936
1.78279 -9.87842
1.78774 -9.8765
1.79288 -9.87557
1.79811 -9.87462
1.80325 -9.87368
1.80838 -9.87275
1.81362 -9.87179
1.81875 -9.87084
1.82388 -9.86989
1.82911 -9.86893
1.83425 -9.86797
1.83937 -9.86702
1.84461 -9.86604
1.84973 -9.86508
1.85496 -9.8641
1.86009 -9.86313
1.86522 -9.86217
1.87045 -9.86118
1.87558 -9.8602
1.8807 -9.85923
1.88593 -9.85823
1.89105 -9.85725
1.89618 -9.85626
1.90121 -9.85427
1.90634 -9.85328
1.91156 -9.85227
1.91668 -9.85128
1.9218 -9.85028
1.92702 -9.84926
1.93214 -9.84825
1.93727 -9.84725
1.94248 -9.84622
1.94761 -9.84521
1.95272 -9.8442
1.95794 -9.84316
1.96306 -9.84214
1.96818 -9.84112
1.97339 -9.84007
1.97851 -9.83904
1.98372 -9.838
1.98884 -9.83696
1.99395 -9.83593
1.99917 -9.83487
2.00428 -9.83383
2.00919 -9.8318
2.01441 -9.83074
2.02129 -9.82932
2.0264 -9.82827
2.03151 -9.82722
2.03671 -9.82614
2.04183 -9.82508
2.04693 -9.82402
2.05214 -9.82293
2.05725 -9.82186
2.06236 -9.82079
2.06756 -9.8197
2.07267 -9.81862
2.07787 -9.81752
2.08297 -9.81644
2.08808 -9.81535
2.09328 -9.81424
2.09838 -9.81316
2.10349 -9.81206
2.10847 -9.80997
2.11358 -9.80887
2.11868 -9.80777
2.12388 -9.80665
2.12897 -9.80554
2.13407 -9.80443
2.13927 -9.8033
2.14437 -9.80219
2.14956 -9.80105
2.15466 -9.79993
2.15975 -9.79881
2.16495 -9.79766
2.17004 -9.79654
2.17513 -9.7954
2.18032 -9.79425
2.18542 -9.79312
2.19051 -9.79198
2.1957 -9.79082
2.20057 -9.7887
2.20566 -9.78755
2.21085 -9.78638
2.21594 -9.78523
2.22112 -9.78405
2.22621 -9.7829
2.23129 -9.78174
2.23648 -9.78055
2.24156 -9.77939
2.24665 -9.77822
2.25183 -9.77703
2.25692 -9.77586
2.262 -9.77468
2.26718 -9.77348
2.27226 -9.7723
2.27744 -9.7711
2.28252 -9.76991
2.2876 -9.76872
2.29255 -9.76654
2.29763 -9.76534
2.30271 -9.76415
2.30788 -9.76292
2.31296 -9.76172
2.31803 -9.76052
2.32321 -9.75929
2.32828 -9.75808
2.33336 -9.75687
2.33852 -9.75563
2.3436 -9.75441
2.34877 -9.75317
2.35384 -9.75195
2.35891 -9.75072
2.36408 -9.74947
2.36915 -9.74824
2.37398 -9.74603
2.3808 -9.74437
2.38596 -9.74311
2.39103 -9.74186
2.39609 -9.74062
2.40126 -9.73935
2.40632 -9.7381
2.41139 -9.73685
2.41654 -9.73557
2.42161 -9.73431
2.42667 -9.73305
2.43183 -9.73176
2.43689 -9.7305
2.44195 -9.72923
2.4471 -9.72793
2.45216 -9.72666
2.45707 -9.72439
2.46213 -9.72311
2.46718 -9.72183
2.47234 -9.72052
2.47739 -9.71923
2.48244 -9.71794
2.48759 -9.71662
2.49265 -9.71533
2.4977 -9.71403
2.50285 -9.71271
2.50789 -9.7114
2.51304 -9.71007
2.51809 -9.70877
2.52314 -9.70745
2.52828 -9.70612
2.53308 -9.70383
2.53812 -9.70251
2.54327 -9.70117
2.54831 -9.69984
2.55335 -9.69852
2.55849 -9.69716
2.56354 -9.69583
2.56858 -9.6945
2.57372 -9.69313
2.57875 -9.69179
2.58389 -9.69043
2.58893 -9.68908
2.59397 -9.68773
2.5991 -9.68636
2.60414 -9.685
2.60892 -9.68268
2.61405 -9.6813
2.61908 -9.67994
2.62411 -9.67857
2.62924 -9.67718
2.63427 -9.67581
2.6394 -9.67442
2.64443 -9.67304
2.64946 -9.67167
2.65459 -9.67026
2.65962 -9.66888
2.66464 -9.6675
2.66977 -9.66608
2.67479 -9.66469
2.68129 -9.66185
2.68632 -9.66046
2.69143 -9.65903
2.69646 -9.65763
2.70148 -9.65623
2.7066 -9.6548
2.71161 -9.65339
2.71664 -9.65198
2.72175 -9.65053
2.72677 -9.64912
2.73178 -9.6477
2.7369 -9.64625
2.74191 -9.64483
2.74703 -9.64337
2.75176 -9.64098
2.75678 -9.63955
2.76188 -9.63808
2.7669 -9.63665
2.77191 -9.63521
2.77701 -9.63374
2.78202 -9.63229
2.78703 -9.63084
2.79213 -9.62936
2.79714 -9.62791
2.80224 -9.62643
2.80725 -9.62497
2.81225 -9.62351
2.81707 -9.62106
2.82207 -9.61959
2.82708 -9.61812
2.83217 -9.61662
2.83718 -9.61515
2.84217 -9.61367
2.84727 -9.61216
2.85227 -9.61068
2.85727 -9.6092
2.86236 -9.60768
2.86735 -9.60619
2.87244 -9.60467
2.87744 -9.60317
2.88243 -9.60168
2.88723 -9.59919
2.89223 -9.59769
2.89721 -9.59618
2.9023 -9.59465
2.90729 -9.59314
2.91228 -9.59162
2.91736 -9.59008
2.92235 -9.58856
2.92743 -9.58701
2.93241 -9.58549
2.9374 -9.58396
2.94248 -9.5824
2.94879 -9.57941
2.95387 -9.57785
2.95885 -9.57631
2.96383 -9.57477
2.9689 -9.5732
2.97388 -9.57165
2.97895 -9.57008
2.98393 -9.56853
2.98891 -9.56697
2.99397 -9.56539
2.99895 -9.56383
3.00392 -9.56227
3.00899 -9.56068
3.01366 -9.55816
3.01863 -9.55659
3.02369 -9.55499
3.02866 -9.55341
3.03363 -9.55184
3.03869 -9.55023
3.04365 -9.54865
3.04872 -9.54703
3.05368 -9.54545
3.05864 -9.54386
3.0637 -9.54223
3.06866 -9.54064
3.07332 -9.53809
3.07837 -9.53646
3.08333 -9.53486
3.08829 -9.53325
3.09334 -9.53162
3.0983 -9.53001
3.10334 -9.52836
3.1083 -9.52675
3.11325 -9.52513
3.1183 -9.52348
3.12325 -9.52186
3.12821 -9.52023
3.13294 -9.51762
3.13789 -9.51599
3.14283 -9.51436
3.14788 -9.51269
3.15282 -9.51105
3.15777 -9.50941
3.16281 -9.50774
3.16775 -9.50609
3.17279 -9.50441
3.17935 -9.50222
3.18438 -9.50053
3.18901 -9.49793
3.19394 -9.49627
3.19898 -9.49457
3.20391 -9.49291
3.20894 -9.49121
3.21388 -9.48954
3.21881 -9.48787
3.22384 -9.48616
3.22877 -9.48448
3.2337 -9.4828
3.23873 -9.48109
3.24366 -9.4794
3.24826 -9.47677
3.25328 -9.47504
3.25821 -9.47335
3.26323 -9.47162
3.26816 -9.46992
3.27308 -9.46822
3.2781 -9.46649
3.28302 -9.46478
3.28794 -9.46307
3.29296 -9.46133
3.29788 -9.45962
3.30246 -9.45696
3.30748 -9.4552
3.31239 -9.45348
3.31731 -9.45176
3.32232 -9.45
3.32723 -9.44827
3.33224 -9.44651
3.33715 -9.44477
3.34206 -9.44304
3.34707 -9.44126
3.35197 -9.43952
3.35655 -9.43683
3.36155 -9.43505
3.36645 -9.4333
3.37136 -9.43155
3.37636 -9.42976
3.38126 -9.42801
3.38786 -9.42564
3.39276 -9.42388
3.39775 -9.42208
3.40265 -9.42031
3.40721 -9.4176
3.4122 -9.41579
3.4171 -9.41402
3.42199 -9.41224
3.42698 -9.41042
3.43187 -9.40864
3.43686 -9.40682
3.44175 -9.40503
3.44664 -9.40324
3.45162 -9.40141
3.45651 -9.39961
3.46105 -9.39688
3.46604 -9.39504
3.47092 -9.39324
3.4758 -9.39143
3.48078 -9.38959
3.48566 -9.38778
3.49054 -9.38596
3.49552 -9.38411
3.5004 -9.38229
3.50537 -9.38044
3.50989 -9.37768
3.51477 -9.37585
3.51974 -9.37399
3.52462 -9.37215
3.52949 -9.37032
3.53445 -9.36845
3.53932 -9.36661
3.54419 -9.36477
3.54916 -9.36289
3.55403 -9.36104
3.55863 -9.35822
3.5635 -9.35637
3.56836 -9.35452
3.57332 -9.35262
3.57977 -9.35015
3.58472 -9.34826
3.58959 -9.34639
3.59454 -9.34449
3.5994 -9.34262
3.60425 -9.34074
3.60921 -9.33883
3.6137 -9.33602
3.61856 -9.33414
3.6235 -9.33222
3.62835 -9.33034
3.6332 -9.32845
3.63815 -9.32652
3.643 -9.32463
3.64785 -9.32273
3.65278 -9.3208
3.65727 -9.31797
3.6622 -9.31603
3.66705 -9.31412
3.67189 -9.31221
3.67683 -9.31027
3.68167 -9.30835
3.68651 -9.30644
3.69144 -9.30448
3.69628 -9.30256
3.70111 -9.30064
3.70567 -9.29775
3.71051 -9.29582
3.71543 -9.29385
3.72027 -9.29191
3.7251 -9.28998
3.73002 -9.288
3.73485 -9.28606
3.73968 -9.28412
3.7446 -9.28214
3.75109 -9.27951
3.75555 -9.27663
3.76037 -9.27468
3.76528 -9.27269
3.7701 -9.27073
3.77493 -9.26877
3.77984 -9.26676
3.78466 -9.2648
3.78947 -9.26283
3.79438 -9.26082
3.79882 -9.25792
3.80363 -9.25594
3.80853 -9.25392
3.81335 -9.25194
3.81825 -9.24992
3.82306 -9.24793
3.82787 -9.24594
3.83277 -9.24391
3.83757 -9.24192
3.84238 -9.23992
3.84689 -9.23696
3.85169 -9.23496
3.85649 -9.23296
3.86139 -9.23091
3.86619 -9.2289
3.87108 -9.22685
3.87587 -9.22484
3.88067 -9.22282
3.88556 -9.22076
3.88997 -9.21782
3.89476 -9.2158
3.89964 -9.21373
3.90443 -9.2117
3.91088 -9.20897
3.91567 -9.20693
3.92054 -9.20485
3.92533 -9.20281
3.93012 -9.20077
3.9346 -9.19777
3.93938 -9.19572
3.94416 -9.19367