19.1964 5.46822
19.1954 5.47157
19.1935 5.47828
19.1925 5.48162
19.1916 5.48497
19.1906 5.48832
19.1897 5.49167
19.1887 5.49502
19.1868 5.4981
19.1858 5.50144
19.1849 5.50479
19.1839 5.50814
19.1829 5.51149
19.181 5.51819
19.1801 5.52153
19.1791 5.52488
19.1781 5.52823
19.1772 5.53158
19.1762 5.53492
19.1752 5.53827
19.1733 5.54134
19.1723 5.54468
19.1714 5.54803
19.1704 5.55138
19.1685 5.55807
19.1675 5.56141
19.1665 5.56476
19.1655 5.5681
19.1646 5.57145
19.1636 5.57479
19.1626 5.57814
19.1616 5.58148
19.1597 5.58455
19.1587 5.58789
19.1578 5.59123
19.1568 5.59458
19.1548 5.60126
19.1539 5.60461
19.1529 5.60795
19.1519 5.61129
19.1509 5.61464
19.1499 5.61798
19.149 5.62132
19.148 5.62466
19.146 5.62772
19.1451 5.63106
19.1441 5.6344
19.1421 5.64109
19.1411 5.64443
19.1401 5.64777
19.1391 5.65111
19.1382 5.65445
19.1372 5.65779
19.1362 5.66113
19.1352 5.66447
19.1342 5.66781
19.1323 5.67086
19.1313 5.6742
19.1293 5.68088
19.1283 5.68422
19.1273 5.68756
19.1263 5.6909
19.1253 5.69423
19.1243 5.69757
19.1233 5.70091
19.1223 5.70425
19.1213 5.70759
19.1203 5.71092
19.1184 5.71397
19.1164 5.72065
19.1154 5.72398
19.1144 5.72732
19.1134 5.73066
19.1124 5.73399
19.1114 5.73733
19.1104 5.74066
19.1094 5.744
19.1084 5.74733
19.1074 5.75067
19.1064 5.754
19.1034 5.76038
19.1024 5.76372
19.1014 5.76705
19.1004 5.77038
19.0994 5.77372
19.0984 5.77705
19.0974 5.78038
19.0964 5.78372
19.0953 5.78705
19.0943 5.79038
19.0933 5.79371
19.0913 5.80038
19.0893 5.80342
19.0883 5.80675
19.0873 5.81008
19.0863 5.81342
19.0853 5.81675
19.0843 5.82008
19.0832 5.82341
19.0822 5.82674
19.0812 5.83007
19.0802 5.8334
19.0782 5.84006
19.0771 5.84339
19.0752 5.84643
19.0741 5.84975
19.0731 5.85308
19.0721 5.85641
19.0711 5.85974
19.0701 5.86307
19.069 5.8664
19.068 5.86973
19.067 5.87305
19.066 5.87638
19.0639 5.88304
19.0619 5.88607
19.0609 5.8894
19.0599 5.89272
19.0588 5.89605
19.0578 5.89937
19.0568 5.9027
19.0557 5.90603
19.0547 5.90935
19.0537 5.91268
19.0526 5.916
19.0506 5.92265
19.0495 5.92598
19.0476 5.92901
19.0465 5.93233
19.0455 5.93565
19.0445 5.93898
19.0434 5.9423
19.0424 5.94563
19.0413 5.94895
19.0403 5.95227
19.0393 5.9556
19.0372 5.96224
19.0361 5.96556
19.0341 5.96859
19.0331 5.97191
19.0321 5.97523
19.031 5.97855
19.03 5.98187
19.0289 5.98519
19.0279 5.98852
19.0268 5.99184
19.0258 5.99516
19.0237 6.0018
19.0227 6.00512
19.0216 6.00844
19.0196 6.01146
19.0186 6.01478
19.0175 6.0181
19.0165 6.02141
19.0154 6.02473
19.0143 6.02805
19.0133 6.03137
19.0122 6.03469
19.0101 6.04133
19.0091 6.04464
19.008 6.04796
19.007 6.05128
19.005 6.05429
19.0039 6.05761
19.0028 6.06093
19.0018 6.06424
19.0007 6.06756
18.9997 6.07087
18.9986 6.07419
18.9965 6.08082
18.9954 6.08414
18.9944 6.08745
18.9933 6.09077
18.9913 6.09378
18.9902 6.09709
18.9892 6.10041
18.9881 6.10372
18.987 6.10703
18.986 6.11035
18.9849 6.11366
18.9828 6.12029
18.9817 6.1236
18.9806 6.12691
18.9796 6.13023
18.9775 6.13323
18.9765 6.13654
18.9754 6.13986
18.9743 6.14317
18.9732 6.14648
18.9722 6.14979
18.9711 6.1531
18.9689 6.15972
18.9679 6.16303
18.9668 6.16634
18.9657 6.16965
18.9646 6.17296
18.9626 6.17597
18.9615 6.17927
18.9605 6.18258
18.9594 6.18589
18.9583 6.1892
18.9572 6.19251
18.9551 6.19913
18.954 6.20244
18.9529 6.20574
18.9518 6.20905
18.9507 6.21236
18.9487 6.21535
18.9476 6.21866
18.9465 6.22197
18.9454 6.22528
18.9443 6.22858
18.9433 6.23189
18.9411 6.2385
18.94 6.24181
18.9389 6.24511
18.9378 6.24842
18.9367 6.25172
18.9347 6.25471
18.9336 6.25802
18.9325 6.26132
18.9314 6.26463
18.9303 6.26793
18.9292 6.27123
18.927 6.27784
18.9259 6.28115
18.9248 6.28445
18.9237 6.28775
18.9226 6.29105
18.9206 6.29404
18.9195 6.29734
18.9184 6.30064
18.9173 6.30395
18.9162 6.30725
18.9151 6.31055
18.9129 6.31715
18.9118 6.32045
18.9107 6.32375
18.9096 6.32705
18.9085 6.33035
18.9074 6.33365
18.9053 6.33664
18.9042 6.33994
18.9031 6.34323
18.902 6.34653
18.9009 6.34983
18.8987 6.35643
18.8976 6.35973
18.8964 6.36303
18.8953 6.36632
18.8942 6.36962
18.8931 6.37292
18.891 6.3759
18.8899 6.37919
18.8888 6.38249
18.8877 6.38579
18.8866 6.38908
18.8844 6.39568
18.8832 6.39897
18.8821 6.40227
18.881 6.40556
18.8799 6.40886
18.8788 6.41215
18.8767 6.41513
18.8756 6.41842
18.8745 6.42172
18.8733 6.42501
18.8722 6.4283
18.87 6.43489
18.8689 6.43818
18.8677 6.44148
18.8666 6.44477
18.8655 6.44806
18.8644 6.45136
18.8623 6.45432
18.8612 6.45762
18.86 6.46091
18.8589 6.4642
18.8578 6.46749
18.8555 6.47407
18.8544 6.47736
18.8533 6.48065
18.8521 6.48395
18.851 6.48724
18.8499 6.49053
18.8478 6.49349
18.8466 6.49678
18.8455 6.50007
18.8444 6.50336
18.8432 6.50665
18.841 6.51322
18.8398 6.51651
18.8387 6.5198
18.8376 6.52309
18.8364 6.52638
18.8353 6.52966
18.8332 6.53262
18.8321 6.53591
18.8309 6.5392
18.8298 6.54248
18.8275 6.54905
18.8263 6.55234
18.8252 6.55563
18.8241 6.55891
18.8229 6.5622
18.8218 6.56548
18.8206 6.56877
18.8185 6.57172
18.8174 6.57501
18.8162 6.57829
18.8151 6.58158
18.8128 6.58814
18.8116 6.59143
18.8105 6.59471
18.8093 6.59799
18.8082 6.60127
18.807 6.60456
18.8059 6.60784
18.8038 6.61079
18.8026 6.61407
18.8015 6.61735
18.8003 6.62063
18.798 6.6272
18.7968 6.63048
18.7957 6.63376
18.7945 6.63704
18.7934 6.64032
18.7922 6.6436
18.7901 6.64654
18.7889 6.64982
18.7878 6.6531
18.7866 6.65638
18.7855 6.65966
18.7831 6.66622
18.782 6.6695
18.7808 6.67277
18.7796 6.67605
18.7785 6.67933
18.7773 6.68261
18.7752 6.68555
18.774 6.68883
18.7729 6.6921
18.7717 6.69538
18.7705 6.69865
18.7682 6.70521
18.767 6.70848
18.7659 6.71176
18.7647 6.71503
18.7635 6.71831
18.7623 6.72158
18.7602 6.72452
18.759 6.72779
18.7579 6.73107
18.7567 6.73434
18.7555 6.73761
18.7532 6.74416
18.752 6.74743
18.7508 6.75071
18.7496 6.75398
18.7485 6.75725
18.7473 6.76052
18.7452 6.76346
18.744 6.76673
18.7428 6.77
18.7416 6.77327
18.7392 6.77981
18.7381 6.78308
18.7369 6.78635
18.7357 6.78962
18.7345 6.79289
18.7333 6.79616
18.7312 6.79909
18.73 6.80236
18.7288 6.80563
18.7276 6.8089
18.7264 6.81217
18.7241 6.8187
18.7229 6.82197
18.7217 6.82524
18.7205 6.82851
18.7193 6.83177
18.7181 6.83504
18.716 6.83796
18.7148 6.84123
18.7136 6.8445
18.7124 6.84776
18.7112 6.85103
18.7088 6.85756
18.7076 6.86082
18.7064 6.86409
18.7052 6.86735
18.704 6.87062
18.7028 6.87388
18.7007 6.8768
18.6995 6.88007
18.6983 6.88333
18.6971 6.88659
18.6959 6.88985
18.6935 6.89638
18.6923 6.89964
18.6911 6.90291
18.6898 6.90617
18.6886 6.90943
18.6865 6.91234
18.6853 6.91561
18.6841 6.91887
18.6829 6.92213
18.6817 6.92539
18.6805 6.92865
18.678 6.93517
18.6768 6.93843
18.6756 6.94169
18.6744 6.94495
18.6732 6.94821
18.671 6.95112
18.6698 6.95438
18.6686 6.95763
18.6674 6.96089
18.6662 6.96415
18.6638 6.97067
18.6625 6.97392
18.6613 6.97718
18.6601 6.98044
18.6589 6.98369
18.6567 6.9866
18.6555 6.98986
18.6543 6.99311
18.6531 6.99637
18.6518 6.99962
18.6506 7.00288
18.6482 7.00939
18.647 7.01264
18.6457 7.0159
18.6445 7.01915
18.6433 7.02241
18.6411 7.02531
18.6399 7.02856
18.6387 7.03181
18.6374 7.03507
18.6362 7.03832
18.635 7.04157
18.6325 7.04807
18.6313 7.05133
18.6301 7.05458
18.6288 7.05783
18.6267 7.06073
18.6254 7.06398
18.6242 7.06723
18.623 7.07048
18.6217 7.07373
18.6205 7.07698
18.618 7.08348
18.6168 7.08673
18.6155 7.08998
18.6143 7.09323
18.6131 7.09648
18.6109 7.09937
18.6097 7.10261
18.6084 7.10586
18.6072 7.10911
18.6059 7.11236
18.6047 7.11561
18.6022 7.1221
18.601 7.12535
18.5997 7.12859
18.5985 7.13184
18.5963 7.13473
18.5951 7.13797
18.5938 7.14122
18.5926 7.14446
18.5913 7.14771
18.5901 7.15095
18.5888 7.1542
18.5863 7.16068
18.5851 7.16393
18.5838 7.16717
18.5816 7.17006
18.5804 7.1733
18.5791 7.17654
18.5779 7.17978
18.5766 7.18303
18.5754 7.18627
18.5741 7.18951
18.5729 7.19275
18.5704 7.19923
18.5691 7.20248
18.5678 7.20572
18.5656 7.20859
18.5644 7.21183
18.5631 7.21507
18.5619 7.21831
18.5606 7.22155
18.5593 7.22479
18.5581 7.22803
18.5556 7.23451
18.5543 7.23775
18.553 7.24099
18.5508 7.24386
18.5496 7.2471
18.5483 7.25034
18.547 7.25357
18.5458 7.25681
18.5445 7.26005
18.5432 7.26328
18.542 7.26652
18.5394 7.27299
18.5382 7.27623
18.536 7.2791
18.5347 7.28233
18.5334 7.28557
18.5322 7.2888
18.5309 7.29204
18.5296 7.29527
18.5283 7.2985
18.5271 7.30174
18.5245 7.3082
18.5232 7.31144
18.521 7.3143
18.5198 7.31754
18.5185 7.32077
18.5172 7.324
18.5159 7.32723
18.5146 7.33046
18.5134 7.33369
18.5121 7.33693
18.5108 7.34016
18.5082 7.34662
18.507 7.34985
18.5047 7.35271
18.5035 7.35594
18.5022 7.35917
18.5009 7.3624
18.4996 7.36562
18.4983 7.36885
18.497 7.37208
18.4957 7.37531
18.4945 7.37854
18.4919 7.38499
18.4897 7.38785
18.4884 7.39108
18.4871 7.3943
18.4858 7.39753
18.4845 7.40076
18.4832 7.40398
18.4819 7.40721
18.4806 7.41043
18.4793 7.41366
18.4767 7.42011
18.4745 7.42296
18.4732 7.42619
18.4719 7.42941
18.4706 7.43263
18.4693 7.43586
18.468 7.43908
18.4667 7.4423
18.4654 7.44553
18.4641 7.44875
18.4628 7.45197
18.4593 7.45804
18.458 7.46126
18.4567 7.46448
18.4554 7.46771
18.4541 7.47093
18.4528 7.47415
18.4515 7.47737
18.4502 7.48059
18.4489 7.48381
18.4476 7.48703
18.444 7.49309
18.4427 7.49631
18.4414 7.49953
18.4401 7.50275
18.4388 7.50597
18.4375 7.50918
18.4362 7.5124
18.4349 7.51562
18.4335 7.51884
18.4322 7.52205
18.43 7.52489
18.4274 7.53132
18.4261 7.53454
18.4247 7.53776
18.4234 7.54097
18.4221 7.54419
18.4208 7.5474
18.4195 7.55062
18.4182 7.55383
18.4168 7.55705
18.4146 7.55988
18.4119 7.56631
18.4106 7.56952
18.4093 7.57274
18.408 7.57595
18.4067 7.57916
18.4053 7.58237
18.404 7.58559
18.4027 7.5888
18.4014 7.59201
18.3991 7.59484
18.3978 7.59805
18.3951 7.60447
18.3938 7.60768
18.3925 7.61089
18.3912 7.6141
18.3898 7.61731
18.3885 7.62052
18.3872 7.62373
18.3858 7.62694
18.3836 7.62977
18.3822 7.63297
18.3809 7.63618
18.3782 7.6426
18.3769 7.64581
18.3756 7.64901
18.3742 7.65222
18.3729 7.65543
18.3716 7.65863
18.3702 7.66184
18.368 7.66466
18.3666 7.66787
18.3653 7.67107
18.3626 7.67748
18.3613 7.68069
18.3599 7.68389
18.3586 7.6871
18.3573 7.6903
18.3559 7.6935
18.3546 7.69671
18.3523 7.69952
18.351 7.70273
18.3496 7.70593
18.3483 7.70913
18.3456 7.71554
18.3442 7.71874
18.3429 7.72194
18.3415 7.72514
18.3402 7.72834
18.3388 7.73154
18.3366 7.73435
18.3352 7.73755
18.3339 7.74075
18.3325 7.74395
18.3298 7.75035
18.3285 7.75355
18.3271 7.75675
18.3257 7.75995
18.3244 7.76315
18.3221 7.76596
18.3208 7.76915
18.3194 7.77235
18.318 7.77555
18.3167 7.77874
18.314 7.78514
18.3126 7.78833
18.3113 7.79153
18.3099 7.79473
18.3085 7.79792
18.3063 7.80073
18.3049 7.80392
18.3035 7.80711
18.3022 7.81031
18.3008 7.8135
18.2994 7.8167
18.2967 7.82308
18.2953 7.82628
18.294 7.82947
18.2926 7.83266
18.2903 7.83546
18.289 7.83866
18.2876 7.84185
18.2862 7.84504
18.2848 7.84823
18.2835 7.85142
18.2807 7.8578
18.2794 7.86099
18.278 7.86418
18.2766 7.86737
18.2743 7.87017
18.273 7.87336
18.2716 7.87655
18.2702 7.87973
18.2688 7.88292
18.2675 7.88611
18.2661 7.8893
18.2633 7.89567
18.2619 7.89886
18.2596 7.90165
18.2583 7.90484
18.2569 7.90803
18.2555 7.91121
18.2541 7.9144
18.2527 7.91758
18.2514 7.92077
18.25 7.92396
18.2472 7.93033
18.2458 7.93351
18.2435 7.9363
18.2421 7.93948
18.2408 7.94266
18.2394 7.94585
18.238 7.94903
18.2366 7.95221
18.2352 7.9554
18.2338 7.95858
18.2324 7.96176
18.2296 7.96812
18.2273 7.97091
18.2259 7.97409
18.2246 7.97727
18.2232 7.98045
18.2218 7.98363
18.2204 7.98681
18.219 7.98999
18.2176 7.99317
18.2162 7.99635
18.2125 8.0023
18.2111 8.00548
18.2097 8.00866
18.2083 8.01184
18.2069 8.01502
18.2055 8.01819
18.2041 8.02137
18.2027 8.02455
18.2013 8.02772
18.1999 8.0309
18.1962 8.03685
18.1948 8.04003
18.1934 8.0432
18.192 8.04638
18.1906 8.04955
18.1892 8.05273
18.1877 8.0559
18.1863 8.05907
18.1849 8.06225
18.1835 8.06542
18.1812 8.06819
18.1784 8.07454
18.177 8.07771
18.1756 8.08088
18.1742 8.08405
18.1727 8.08723
18.1713 8.0904
18.1699 8.09357
18.1685 8.09674
18.1662 8.0995
18.1648 8.10267
18.1619 8.10901
18.1605 8.11218
18.1591 8.11535
18.1577 8.11852
18.1563 8.12169
18.1549 8.12486
18.1534 8.12803
18.152 8.1312
18.1497 8.13396
18.1483 8.13712
18.1454 8.14346
18.144 8.14662
18.1426 8.14979
18.1412 8.15296
18.1397 8.15612
18.1383 8.15929
18.1369 8.16246
18.1346 8.16521
18.1331 8.16838
18.1317 8.17154
18.1303 8.1747
18.1274 8.18103
18.126 8.1842
18.1246 8.18736
18.1231 8.19052
18.1217 8.19369
18.1203 8.19685
18.1179 8.1996
18.1165 8.20276
18.1151 8.20592
18.1136 8.20908
18.1108 8.21541
18.1093 8.21857
18.1079 8.22173
18.1065 8.22489
18.105 8.22805
18.1027 8.23079
18.1012 8.23395
18.0998 8.23711
18.0984 8.24027
18.0969 8.24343
18.0941 8.24975
18.0926 8.2529
18.0912 8.25606
18.0897 8.25922
18.0874 8.26196
18.0859 8.26512
18.0845 8.26827
18.083 8.27143
18.0816 8.27459
18.0802 8.27774
18.0787 8.2809
18.0758 8.28721
18.0744 8.29036
18.0729 8.29352
18.0706 8.29625
18.0691 8.29941
18.0677 8.30256
18.0662 8.30571
18.0648 8.30887
18.0633 8.31202
18.0619 8.31517
18.059 8.32148
18.0575 8.32463
18.0552 8.32736
18.0537 8.33051
18.0522 8.33366
18.0508 8.33681
18.0493 8.33996
18.0479 8.34311
18.0464 8.34626
18.045 8.34941
18.0421 8.35571
18.0406 8.35886
18.0382 8.36159
18.0368 8.36474
18.0353 8.36788
18.0338 8.37103
18.0324 8.37418
18.0309 8.37733
18.0295 8.38047
18.028 8.38362
18.0251 8.38991
18.0227 8.39264
18.0212 8.39578
18.0198 8.39893
18.0183 8.40207
18.0168 8.40522
18.0154 8.40836
18.0139 8.41151
18.0124 8.41465
18.011 8.41779
18.0086 8.42051
18.0057 8.4268
18.0042 8.42994
18.0027 8.43308
18.0012 8.43622
17.9998 8.43937
17.9983 8.44251
17.9968 8.44565
17.9953 8.44879
17.9939 8.45193
17.9915 8.45465
17.9885 8.46093
17.9871 8.46407
17.9856 8.4672
17.9841 8.47034
17.9826 8.47348
17.9811 8.47662
17.9797 8.47976
17.9782 8.4829
17.9758 8.48561
17.9743 8.48874
17.9714 8.49502
17.9699 8.49815
17.9684 8.50129
17.9669 8.50443
17.9654 8.50756
17.9639 8.5107
17.9624 8.51383
17.9601 8.51654
17.9586 8.51967
17.9571 8.52281
17.9541 8.52908
17.9526 8.53221
17.9511 8.53534
17.9496 8.53848
17.9481 8.54161
17.9467 8.54474
17.9443 8.54744
17.9428 8.55057
17.9413 8.55371
17.9398 8.55684
17.9368 8.5631
17.9353 8.56623
17.9338 8.56936
17.9323 8.57249
17.9308 8.57562
17.9293 8.57875
17.9269 8.58145
17.9254 8.58457
17.9239 8.5877
17.9224 8.59083
17.9209 8.59396
17.9179 8.60021
17.9164 8.60334
17.9149 8.60647
17.9134 8.60959
17.911 8.61229
17.9095 8.61541
17.908 8.61854
17.9065 8.62166
17.905 8.62479
17.9035 8.62791
17.9005 8.63416
17.899 8.63729
17.8975 8.64041
17.8951 8.6431
17.8935 8.64622
17.892 8.64935
17.8905 8.65247
17.889 8.65559
17.8875 8.65871
17.886 8.66183
17.883 8.66808
17.8815 8.6712
17.879 8.67388
17.8775 8.677
17.876 8.68012
17.8745 8.68324
17.873 8.68636
17.8715 8.68948
17.8699 8.6926
17.8684 8.69572
17.8654 8.70196
17.863 8.70464
17.8615 8.70775
17.8599 8.71087
17.8584 8.71399
17.8569 8.71711
17.8554 8.72022
17.8539 8.72334
17.8523 8.72645
17.8508 8.72957
17.8469 8.73536
17.8453 8.73848
17.8438 8.74159
17.8423 8.7447
17.8408 8.74782
17.8392 8.75093
17.8377 8.75404
17.8362 8.75716
17.8346 8.76027
17.8322 8.76294
17.8292 8.76917
17.8276 8.77228
17.8261 8.77539
17.8246 8.7785
17.823 8.78161
17.8215 8.78472
17.82 8.78783
17.8184 8.79094
17.816 8.79361
17.8145 8.79672
17.8114 8.80294
17.8099 8.80605
17.8083 8.80915
17.8068 8.81226
17.8052 8.81537
17.8037 8.81848
17.8022 8.82158
17.7997 8.82425
17.7982 8.82735
17.7966 8.83046
17.7951 8.83357
17.792 8.83978
17.7905 8.84288
17.7889 8.84599
17.7874 8.84909
17.7858 8.8522
17.7834 8.85485
17.7819 8.85796
17.7803 8.86106
17.7788 8.86416
17.7772 8.86727
17.7741 8.87347
17.7726 8.87657
17.771 8.87967
17.7695 8.88278
17.767 8.88543
17.7655 8.88853
17.7639 8.89163
17.7624 8.89473
17.7608 8.89783
17.7593 8.90093
17.7562 8.90713
17.7546 8.91023
17.7531 8.91333
17.7506 8.91598
17.749 8.91908
17.7475 8.92217
17.7459 8.92527
17.7444 8.92837
17.7428 8.93146
17.7413 8.93456
17.7381 8.94075
17.7366 8.94385
17.7341 8.9465
17.7326 8.94959
17.731 8.95269
17.7294 8.95578
17.7279 8.95887
17.7263 8.96197
17.7247 8.96506
17.7232 8.96815
17.72 8.97434
17.7176 8.97698
17.716 8.98007
17.7145 8.98316
17.7129 8.98626
17.7113 8.98935
17.7097 8.99244
17.7082 8.99553
17.7066 8.99862
17.705 9.00171
17.701 9.00744
17.6994 9.01053
17.6979 9.01361
17.6963 9.0167
17.6947 9.01979
17.6931 9.02288
17.6916 9.02597
17.69 9.02906
17.6884 9.03214
17.6859 9.03478
17.6828 9.04095
17.6812 9.04403
17.6796 9.04712
17.678 9.05021
17.6765 9.05329
17.6749 9.05638
17.6733 9.05946
17.6717 9.06255
17.6693 9.06517
17.6677 9.06826
17.6645 9.07442
17.6629 9.07751
17.6613 9.08059
17.6598 9.08367
17.6582 9.08675
17.6566 9.08983
17.655 9.09292
17.6525 9.09554
17.6509 9.09862
17.6493 9.1017
17.6462 9.10786
17.6446 9.11094
17.643 9.11402
17.6414 9.1171
17.6398 9.12018
17.6373 9.1228
17.6357 9.12588
17.6341 9.12895
17.6325 9.13203
17.6309 9.13511
17.6278 9.14126
17.6262 9.14434
17.6246 9.14742
17.623 9.15049
17.6205 9.15311
17.6189 9.15618
17.6173 9.15926
17.6157 9.16233
17.6141 9.1654
17.6125 9.16848
17.6093 9.17463
17.6077 9.1777
17.6061 9.18077
17.6036 9.18338
17.602 9.18645
17.6004 9.18953
17.5988 9.1926
17.5972 9.19567
17.5956 9.19874
17.594 9.20181
17.5908 9.20795
17.5891 9.21102
17.5867 9.21363
17.585 9.2167
17.5834 9.21977
17.5818 9.22284
17.5802 9.2259
17.5786 9.22897
17.577 9.23204
17.5754 9.23511
17.5722 9.24124
17.5697 9.24384
17.568 9.24691
17.5664 9.24998
17.5648 9.25304
17.5632 9.25611
17.5616 9.25917
17.56 9.26224
17.5584 9.2653
17.5559 9.2679
17.5526 9.27403
17.551 9.27709
17.5494 9.28015
17.5478 9.28322
17.5461 9.28628
17.5445 9.28934
17.5429 9.2924
17.5413 9.29546
17.5388 9.29806
17.5355 9.30418
17.5339 9.30724
17.5323 9.3103
17.5306 9.31336
17.529 9.31642
17.5274 9.31948
17.5258 9.32254
17.5241 9.3256
17.5216 9.32818
17.52 9.33124
17.5167 9.33736
17.5151 9.34041
17.5135 9.34347
17.5119 9.34653
17.5102 9.34958
17.5086 9.35264
17.5061 9.35523
17.5044 9.35828
17.5028 9.36133
17.5012 9.36439
17.4979 9.3705
17.4963 9.37355
17.4946 9.37661
17.493 9.37966
17.4914 9.38271
17.4888 9.38529
17.4872 9.38834
17.4856 9.3914
17.4839 9.39445
17.4823 9.3975
17.479 9.4036
17.4774 9.40665
17.4757 9.4097
17.4741 9.41275
17.4715 9.41533
17.4699 9.41838
17.4683 9.42142
17.4666 9.42447
17.465 9.42752
17.4633 9.43057
17.46 9.43666
17.4584 9.43971
17.4559 9.44228
17.4542 9.44533
17.4526 9.44838
17.4509 9.45142
17.4493 9.45447
17.4476 9.45751
17.446 9.46056
17.4443 9.4636
17.441 9.46969
17.4385 9.47226
17.4368 9.4753
17.4352 9.47834
17.4335 9.48139
17.4319 9.48443
17.4302 9.48747
17.4285 9.49051
17.4269 9.49356
17.4244 9.49612
17.421 9.5022
17.4194 9.50524
17.4177 9.50828
17.4161 9.51132
17.4144 9.51436
17.4127 9.5174
17.4111 9.52044
17.4094 9.52348
17.4069 9.52604
17.4035 9.53211
17.4019 9.53515
17.4002 9.53819
17.3986 9.54122
17.3969 9.54426
17.3952 9.54729
17.3936 9.55033
17.3919 9.55337
17.3893 9.55592
17.3877 9.55895
17.3843 9.56502
17.3827 9.56806
17.381 9.57109
17.3793 9.57412
17.3777 9.57716
17.376 9.58019
17.3734 9.58274
17.3718 9.58577
17.3701 9.5888
17.3684 9.59184
17.3651 9.5979
17.3634 9.60093
17.3617 9.60396
17.36 9.60699
17.3584 9.61002
17.3558 9.61256
17.3541 9.61559
17.3525 9.61862
17.3508 9.62165
17.3491 9.62468
17.3457 9.63073
17.3441 9.63376
17.3424 9.63679
17.3398 9.63933
17.3381 9.64235
17.3365 9.64538
17.3348 9.64841
17.3331 9.65143
17.3314 9.65446
17.3297 9.65748
17.3263 9.66353
17.3247 9.66655
17.3221 9.66909
17.3204 9.67211
17.3187 9.67514
17.317 9.67816
17.3153 9.68118
17.3136 9.6842
17.312 9.68722
17.3086 9.69327
17.306 9.6958
17.3043 9.69882
17.3026 9.70184
17.3009 9.70486
17.2992 9.70788
17.2975 9.7109
17.2958 9.71392
17.2942 9.71693
17.2925 9.71995
17.2882 9.7255
17.2865 9.72852
17.2848 9.73153
17.2831 9.73455
17.2814 9.73757
17.2797 9.74058
17.278 9.7436
17.2763 9.74661
17.2737 9.74914
17.272 9.75215
17.2686 9.75818
17.2669 9.76119
17.2652 9.76421
17.2635 9.76722
17.2618 9.77023
17.2601 9.77324
17.2575 9.77576
17.2558 9.77878
17.2541 9.78179
17.2524 9.7848
17.249 9.79082
17.2473 9.79383
17.2456 9.79684
17.2439 9.79985
17.2421 9.80286
17.2396 9.80537
17.2379 9.80838
17.2361 9.81139
17.2344 9.8144
17.231 9.82042
17.2293 9.82342
17.2276 9.82643
17.2259 9.82944
17.2233 9.83195
17.2216 9.83495
17.2198 9.83796
17.2181 9.84096
17.2164 9.84397
17.2147 9.84697
17.2112 9.85298
17.2095 9.85599
17.2078 9.85899
17.2052 9.86149
17.2035 9.8645
17.2018 9.8675
17.2001 9.8705
17.1983 9.8735
17.1966 9.87651
17.1949 9.87951
17.1914 9.88551
17.1888 9.88801
17.1871 9.89101
17.1854 9.89401
17.1837 9.89701
17.1819 9.90001
17.1802 9.90301
17.1785 9.906
17.1767 9.909
17.1724 9.9145
17.1707 9.9175
17.169 9.92049
17.1672 9.92349
17.1655 9.92648
17.1638 9.92948
17.162 9.93248
17.1603 9.93547
17.1586 9.93847
17.156 9.94096
17.1525 9.94695
17.1508 9.94994
17.149 9.95293
17.1473 9.95593
17.1455 9.95892
17.1438 9.96191
17.1421 9.9649
17.1395 9.96739
17.1377 9.97038
17.136 9.97337
17.1325 9.97936
17.1308 9.98235
17.129 9.98534
17.1273 9.98832
17.1255 9.99131
17.1229 9.9938
17.1212 9.99679
17.1194 9.99978
17.1177 10.0028
17.1142 10.0087
17.1124 10.0117
17.1107 10.0147
17.1089 10.0177
17.1063 10.0202
17.1046 10.0232
17.1028 10.0261
17.1011 10.0291
17.0993 10.0321
17.0976 10.0351
17.0941 10.0411
17.0923 10.0441
17.0906 10.047
17.088 10.0495
17.0862 10.0525
17.0844 10.0555
17.0827 10.0585
17.0809 10.0614
17.0792 10.0644
17.0774 10.0674
17.0739 10.0734
17.0713 10.0758
17.0695 10.0788
17.0678 10.0818
17.066 10.0848
17.0643 10.0877
17.0625 10.0907
17.0607 10.0937
17.059 10.0967
17.0546 10.1021
17.0528 10.1051
17.0511 10.1081
17.0493 10.1111
17.0475 10.114
17.0458 10.117
17.044 10.12
17.0422 10.123
17.0396 10.1254
17.0378 10.1284
17.0343 10.1343
17.0325 10.1373
17.0308 10.1403
17.029 10.1433
17.0272 10.1462
17.0254 10.1492
17.0237 10.1522
17.021 10.1546
17.0193 10.1576
17.0157 10.1635
17.0139 10.1665
17.0122 10.1695
17.0104 10.1724
17.0086 10.1754
17.0068 10.1784
17.0042 10.1808
17.0024 10.1838
17.0007 10.1868
16.9989 10.1897
16.9953 10.1957
16.9935 10.1986
16.9918 10.2016
16.99 10.2046
16.9873 10.207
16.9856 10.21
16.9838 10.213
16.982 10.2159
16.9802 10.2189
16.9784 10.2218
16.9749 10.2278
16.9731 10.2307
16.9704 10.2332
16.9686 10.2361
16.9669 10.2391
16.9651 10.2421
16.9633 10.245
16.9615 10.248
16.9597 10.2509
16.9561 10.2569
16.9535 10.2593
16.9517 10.2623
16.9499 10.2652
16.9481 10.2682
16.9463 10.2711
16.9445 10.2741
16.9427 10.2771
16.9409 10.28
16.9383 10.2824
16.9347 10.2884
16.9329 10.2913
16.9311 10.2943
16.9293 10.2972
16.9275 10.3002
16.9257 10.3031
16.9239 10.3061
16.9213 10.3085
16.9195 10.3115
16.9159 10.3174
16.9141 10.3203
16.9123 10.3233
16.9105 10.3262
16.9087 10.3292
16.9068 10.3321
16.905 10.3351
16.9024 10.3375
16.9006 10.3405
16.8988 10.3434
16.8952 10.3493
16.8934 10.3523
16.8916 10.3552
16.8897 10.3582
16.8879 10.3611
16.8853 10.3635
16.8835 10.3665
16.8817 10.3694
16.8798 10.3724
16.8762 10.3783
16.8744 10.3812
16.8726 10.3842
16.8708 10.3871
16.8681 10.3895
16.8663 10.3925
16.8645 10.3954
16.8627 10.3983
16.8609 10.4013
16.8591 10.4042
16.8554 10.4101
16.8536 10.4131
16.8509 10.4155
16.8491 10.4184
16.8473 10.4214
16.8455 10.4243
16.8437 10.4272
16.8418 10.4302
16.84 10.4331
16.8364 10.439
16.8337 10.4414
16.8319 10.4443
16.8301 10.4473
16.8282 10.4502
16.8264 10.4532
16.8246 10.4561
16.8228 10.459
16.8209 10.462
16.8183 10.4644
16.8146 10.4702
16.8128 10.4732
16.8109 10.4761
16.8091 10.479
16.8073 10.482
16.8055 10.4849
16.8036 10.4878
16.801 10.4902
16.7991 10.4932
16.7955 10.499
16.7936 10.502
16.7918 10.5049
16.79 10.5078
16.7881 10.5108
16.7863 10.5137
16.7836 10.5161
16.7818 10.519
16.7799 10.5219
16.7781 10.5249
16.7744 10.5307
16.7726 10.5337
16.7707 10.5366
16.7689 10.5395
16.7662 10.5419
16.7644 10.5448
16.7625 10.5478
16.7607 10.5507
16.7589 10.5536
16.7552 10.5595
16.7533 10.5624
16.7515 10.5653
16.7488 10.5677
16.747 10.5706
16.7451 10.5735
16.7433 10.5765
16.7414 10.5794
16.7396 10.5823
16.7359 10.5882
16.734 10.5911
16.7313 10.5935
16.7295 10.5964
16.7276 10.5993
16.7258 10.6022
16.7239 10.6051
16.7221 10.6081
16.7202 10.611
16.7184 10.6139
16.7138 10.6192
16.712 10.6221
16.7101 10.625
16.7083 10.6279
16.7064 10.6309
16.7046 10.6338
16.7027 10.6367
16.7008 10.6396
16.6981 10.642
16.6944 10.6478
16.6926 10.6507
16.6907 10.6536
16.6888 10.6566
16.687 10.6595
16.6851 10.6624
16.6833 10.6653
16.6806 10.6677
16.6787 10.6706
16.6768 10.6735
16.6731 10.6793
16.6712 10.6822
16.6694 10.6851
16.6675 10.688
16.6656 10.6909
16.6629 10.6933
16.6611 10.6962
16.6592 10.6991
16.6573 10.702
16.6536 10.7078
16.6517 10.7108
16.6499 10.7137
16.6472 10.716
16.6453 10.7189
16.6434 10.7218
16.6415 10.7247
16.6397 10.7276
16.6378 10.7305
16.634 10.7364
16.6322 10.7393
16.6295 10.7416
16.6276 10.7445
16.6257 10.7474
16.6238 10.7503
16.622 10.7532
16.6201 10.7561
16.6182 10.759
16.6163 10.7619
16.6117 10.7672
16.6098 10.7701
16.608 10.773
16.6061 10.7759
16.6042 10.7788
16.6023 10.7817
16.6004 10.7846
16.5986 10.7875
16.5958 10.7898
16.5921 10.7956
16.5902 10.7985
16.5883 10.8014
16.5864 10.8043
16.5845 10.8072
16.5826 10.8101
16.5808 10.813
16.578 10.8153
16.5761 10.8182
16.5724 10.824
16.5705 10.8269
16.5686 10.8298
16.5667 10.8327
16.5648 10.8356
16.5629 10.8385
16.5602 10.8408
16.5583 10.8437
16.5564 10.8466
16.5545 10.8495
16.5507 10.8553
16.5488 10.8581
16.5469 10.861
16.545 10.8639
16.5423 10.8663
16.5404 10.8691
16.5385 10.872
16.5366 10.8749
16.5347 10.8778
16.5309 10.8836
16.529 10.8865
16.5263 10.8888
16.5244 10.8917
16.5225 10.8946
16.5206 10.8974
16.5187 10.9003
16.5168 10.9032
16.5149 10.9061
16.5111 10.9119
16.5083 10.9142
16.5064 10.9171
16.5045 10.92
16.5026 10.9228
16.5007 10.9257
16.4988 10.9286
16.4969 10.9315
16.495 10.9344
16.4922 10.9367
16.4884 10.9424
16.4865 10.9453
16.4846 10.9482
16.4827 10.9511
16.4808 10.9539
16.4789 10.9568
16.4769 10.9597
16.4742 10.962
16.4723 10.9649
16.4685 10.9706
16.4665 10.9735
16.4646 10.9764
16.4627 10.9793
16.4608 10.9821
16.458 10.9845
16.4561 10.9873
16.4542 10.9902
16.4523 10.9931
16.4485 10.9988
16.4465 11.0017
16.4446 11.0045
16.4427 11.0074
16.4399 11.0097
16.438 11.0126
16.4361 11.0155
16.4342 11.0183
16.4322 11.0212
16.4284 11.0269
16.4265 11.0298
16.4245 11.0327
16.4218 11.035
16.4199 11.0379
16.4179 11.0407
16.416 11.0436
16.4141 11.0464
16.4122 11.0493
16.4102 11.0522
16.4064 11.0579
16.4036 11.0602
16.4017 11.0631
16.3998 11.0659
16.3978 11.0688
16.3959 11.0717
16.394 11.0745
16.392 11.0774
16.3893 11.0797
16.3854 11.0854
16.3835 11.0883
16.3815 11.0911
16.3796 11.094
16.3776 11.0968
16.3757 11.0997
16.3738 11.1026
16.371 11.1048
16.3691 11.1077
16.3652 11.1134
16.3632 11.1163
16.3613 11.1191
16.3594 11.122
16.3574 11.1248
16.3555 11.1277
16.3527 11.13
16.3508 11.1328
16.3488 11.1357
16.3449 11.1414
16.343 11.1443
16.3411 11.1471
16.3391 11.15
16.3363 11.1522
16.3344 11.1551
16.3324 11.1579
16.3305 11.1608
16.3285 11.1636
16.3266 11.1665
16.3227 11.1722
16.3207 11.175
16.318 11.1773
16.316 11.1802
16.3141 11.183
16.3121 11.1859
16.3102 11.1887
16.3082 11.1916
16.3063 11.1944
16.3023 11.2001
16.2996 11.2024
16.2976 11.2052
16.2957 11.2081
16.2937 11.2109
16.2917 11.2138
16.2898 11.2166
16.2878 11.2194
16.285 11.2217
16.2811 11.2274
16.2792 11.2302
16.2772 11.2331
16.2752 11.2359
16.2733 11.2388
16.2713 11.2416
16.2694 11.2444
16.2666 11.2467
16.2646 11.2496
16.2607 11.2552
16.2587 11.2581
16.2568 11.2609
16.2548 11.2637
16.2528 11.2666
16.2509 11.2694
16.2481 11.2717
16.2461 11.2745
16.2441 11.2774
16.2402 11.283
16.2382 11.2859
16.2363 11.2887
16.2343 11.2915
16.2315 11.2938
16.2295 11.2966
16.2276 11.2995
16.2256 11.3023
16.2236 11.3051
16.2197 11.3108
16.2177 11.3136
16.2157 11.3164
16.2129 11.3187
16.2109 11.3215
16.209 11.3244
16.207 11.3272
16.205 11.33
16.203 11.3328
16.1991 11.3385
16.1971 11.3413
16.1943 11.3436
16.1923 11.3464
16.1903 11.3492
16.1884 11.3521
16.1864 11.3549
16.1844 11.3577
16.1824 11.3605
16.1796 11.3628
16.1756 11.3684
16.1737 11.3712
16.1717 11.3741
16.1697 11.3769
16.1677 11.3797
16.1657 11.3825
16.1637 11.3854
16.1609 11.3876
16.1589 11.3904
16.155 11.3961
16.153 11.3989
16.151 11.4017
16.149 11.4045
16.147 11.4073
16.1442 11.4096
16.1422 11.4124
16.1402 11.4152
16.1382 11.418
16.1342 11.4237
16.1322 11.4265
16.1302 11.4293
16.1282 11.4321
16.1254 11.4343
16.1234 11.4372
16.1214 11.44
16.1194 11.4428
16.1174 11.4456
16.1134 11.4512
16.1114 11.454
16.1086 11.4563
16.1066 11.4591
16.1046 11.4619
16.1026 11.4647
16.1006 11.4675
16.0986 11.4703
16.0966 11.4731
16.0926 11.4788
16.0898 11.481
16.0878 11.4838
16.0858 11.4866
16.0838 11.4894
16.0818 11.4922
16.0798 11.495
16.0778 11.4978
16.075 11.5
16.0709 11.5057
16.0689 11.5085
16.0669 11.5113
16.0649 11.5141
16.0629 11.5169
16.0609 11.5197
16.0589 11.5225
16.0561 11.5247
16.054 11.5275
16.05 11.5331
16.048 11.5359
16.046 11.5387
16.044 11.5415
16.042 11.5443
16.0391 11.5465
16.0371 11.5493
16.0351 11.5521
16.0331 11.5549
16.0291 11.5605
16.027 11.5633
16.025 11.5661
16.023 11.5689
16.0202 11.5711
16.0182 11.5739
16.0161 11.5767
16.0141 11.5795
16.0121 11.5823
16.008 11.5879
16.006 11.5907
16.0032 11.5929
16.0012 11.5957
15.9991 11.5985
15.9971 11.6013
15.9951 11.6041
7 170 19.874  -0.58   25.75
 2017 171 19.874  -0.58   25.76
 2017 172 19.874  -0.58   25.77
 2017 173 19.873  -0.58   25.78
 2017 174 19.873  -0.58   25.79
 2017 175 19.873  -0.58   25.80
 2017 176 19.873  -0.58   25.81
 2017 177 19.873  -0.58   25.82
 2017 178 19.873  -0.58   25.83
 2017 179 19.873  -0.58   25.84
 2017 180 19.873  -0.58   25.86
 2017 181 19.873  -0.58   25.87
 2017 182 19.872  -0.58   25.88
 2017 183 19.872  -0.58   25.89
 2017 184 19.872  -0.58   25.90
 2017 185 19.872  -0.58   25.91
 2017 186 19.872  -0.58   25.92
 2017 187 19.872  -0.58   25.93
 2017 188 19.872  -0.58   25.94
 2017 189 19.872  -0.58   25.95
 2017 190 19.872  -0.58   25.97
 2017 191 19.871  -0.58   25.98
 2017 192 19.871  -0.58   25.99
 2017 193 19.871  -0.58   26.00
 2017 194 19.871  -0.58   26.01
 2017 195 19.871  -0.58   26.02
 2017 196 19.871  -0.58   26.03
 2017 197 19.871  -0.58   26.04
 2017 198 19.871  -0.58   26.05
 2017 199 19.871  -0.58   26.06
 2017 200 19.870  -0.58   26.08
 2017 201 19.870  -0.58   26.09
 2017 202 19.870  -0.58   26.10
 2017 203 19.870  -0.58   26.11
 2017 204 19.870  -0.58   26.12
 2017 205 19.870  -0.58   26.13
 2017 206 19.870  -0.58   26.14
 2017 207 19.870  -0.58   26.15
 2017 208 19.870  -0.58   26.16
 2017 209 19.869  -0.58   26.17
 2017 210 19.869  -0.58   26.19
 2017 211 19.869  -0.58   26.20
 2017 212 19.869  -0.58   26.21
 2017 213 19.869  -0.58   26.22
 2017 214 19.869  -0.58   26.23
 2017 215 19.869  -0.58   26.24
 2017 216 19.869  -0.58   26.25
 2017 217 19.869  -0.58   26.26
 2017 218 19.868  -0.58   26.27
 2017 219 19.868  -0.58   26.28
 2017 220 19.868  -0.58   26.30
 2017 221 19.868  -0.58   26.31
 2017 222 19.868  -0.58   26.32
 2017 223 19.868  -0.58   26.33
 2017 224 19.868  -0.58   26.34
 2017 225 19.868  -0.58   26.35
 2017 226 19.868  -0.58   26.36
 2017 227 19.867  -0.58   26.37
 2017 228 19.867  -0.58   26.38
 2017 229 19.867  -0.58   26.39
 2017 230 19.867  -0.58   26.40
 2017 231 19.867  -0.58   26.42
 2017 232 19.867  -0.58   26.43
 2017 233 19.867  -0.58   26.44
 2017 234 19.867  -0.58   26.45
 2017 235 19.867  -0.58   26.46
 2017 236 19.866  -0.58   26.47
 2017 237 19.866  -0.58   26.48
 2017 238 19.866  -0.58   26.49
 2017 239 19.866  -0.58   26.50
 2017 240 19.866  -0.58   26.51
 2017 241 19.866  -0.58   26.53
 2017 242 19.866  -0.58   26.54
 2017 243 19.866  -0.58   26.55
 2017 244 19.866  -0.58   26.56
 2017 245 19.865  -0.58   26.57
 2017 246 19.865  -0.58   26.58
 2017 247 19.865  -0.58   26.59
 2017 248 19.865  -0.58   26.60
 2017 249 19.865  -0.58   26.61
 2017 250 19.865  -0.58   26.62
 2017 251 19.865  -0.58   26.64
 2017 252 19.865  -0.58   26.65
 2017 253 19.865  -0.58   26.66
 2017 254 19.864  -0.57   26.67
 2017 255 19.864  -0.57   26.68
 2017 256 19.864  -0.57   26.69
 2017 257 19.864  -0.57   26.70
 2017 258 19.864  -0.57   26.71
 2017 259 19.864  -0.57   26.72
 2017 260 19.864  -0.57   26.73
 2017 261 19.864  -0.57   26.75
 2017 262 19.864  -0.57   26.76
 2017 263 19.863  -0.57   26.77
 2017 264 19.863  -0.57   26.78
 2017 265 19.863  -0.57   26.79
 2017 266 19.863  -0.57   26.80
 2017 267 19.863  -0.57   26.81
 2017 268 19.863  -0.57   26.82
 2017 269 19.863  -0.57   26.83
 2017 270 19.863  -0.57   26.84
 2017 271 19.863  -0.57   26.86
 2017 272 19.862  -0.57   26.87
 2017 273 19.862  -0.57   26.88
 2017 274 19.862  -0.57   26.89
 2017 275 19.862  -0.57   26.90
 2017 276 19.862  -0.57   26.91
 2017 277 19.862  -0.57   26.92
 2017 278 19.862  -0.57   26.93
 2017 279 19.862  -0.57   26.94
 2017 280 19.862  -0.57   26.95
 2017 281 19.861  -0.57   26.97
 2017 282 19.861  -0.57   26.98
 2017 283 19.861  -0.57   26.99
 2017 284 19.861  -0.57   27.00
 2017 285 19.861  -0.57   27.01
 2017 286 19.861  -0.57   27.02
 2017 287 19.861  -0.57   27.03
 2017 288 19.861  -0.57   27.04
 2017 289 19.861  -0.57   27.05
 2017 290 19.860  -0.57   27.06
 2017 291 19.860  -0.57   27.08
 2017 292 19.860  -0.57   27.09
 2017 293 19.860  -0.57   27.10
 2017 294 19.860  -0.57   27.11
 2017 295 19.860  -0.57   27.12
 2017 296 19.860  -0.57   27.13
 2017 297 19.860  -0.57   27.14
 2017 298 19.860  -0.57   27.15
 2017 299 19.859  -0.57   27.16
 2017 300 19.859  -0.57   27.17
 2017 301 19.859  -0.57   27.19
 2017 302 19.859  -0.57   27.20
 2017 303 19.859  -0.57   27.21
 2017 304 19.859  -0.57   27.22
 2017 305 19.859  -0.57   27.23
 2017 306 19.859  -0.57   27.24
 2017 307 19.859  -0.57   27.25
 2017 308 19.858  -0.57   27.26
 2017 309 19.858  -0.57   27.27
 2017 310 19.858  -0.57   27.28
 2017 311 19.858  -0.57   27.30
 2017 312 19.858  -0.57   27.31
 2017 313 19.858  -0.57   27.32
 2017 314 19.858  -0.57   27.33
 2017 315 19.858  -0.57   27.34
 2017 316 19.857  -0.57   27.35
 2017 317 19.857  -0.57   27.36
 2017 318 19.857  -0.57   27.37
 2017 319 19.857  -0.57   27.38
 2017 320 19.857  -0.57   27.39
 2017 321 19.857  -0.57   27.41
 2017 322 19.857  -0.57   27.42
 2017 323 19.857  -0.57   27.43
 2017 324 19.857  -0.57   27.44
 2017 325 19.856  -0.57   27.45
 2017 326 19.856  -0.57   27.46
 2017 327 19.856  -0.57   27.47
 2017 328 19.856  -0.57   27.48
 2017 329 19.856  -0.57   27.49
 2017 330 19.856  -0.57   27.50
 2017 331 19.856  -0.57   27.52
 2017 332 19.856  -0.57   27.53
 2017 333 19.856  -0.57   27.54
 2017 334 19.855  -0.57   27.55
 2017 335 19.855  -0.57   27.56
 2017 336 19.855  -0.57   27.57
 2017 337 19.855  -0.57   27.58
 2017 338 19.855  -0.57   27.59
 2017 339 19.855  -0.57   27.60
 2017 340 19.855  -0.57   27.61
 2017 341 19.855  -0.57   27.63
 2017 342 19.855  -0.57   27.64
 2017 343 19.854  -0.57   27.65
 2017 344 19.854  -0.57   27.66
 2017 345 19.854  -0.57   27.67
 2017 346 19.854  -0.57   27.68
 2017 347 19.854  -0.57   27.69
 2017 348 19.854  -0.57   27.70
 2017 349 19.854  -0.57   27.71
 2017 350 19.854  -0.57   27.72
 2017 351 19.854  -0.57   27.74
 2017 352 19.853  -0.57   27.75
 2017 353 19.853  -0.57   27.76
 2017 354 19.853  -0.57   27.77
 2017 355 19.853  -0.56   27.78
 2017 356 19.853  -0.56   27.79
 2017 357 19.853  -0.56   27.80
 2017 358 19.853  -0.56   27.81
 2017 359 19.853  -0.56   27.82
 2017 360 19.852  -0.56   27.83
 2017 361 19.852  -0.56   27.85
 2017 362 19.852  -0.56   27.86
 2017 363 19.852  -0.56   27.87
 2017 364 19.852  -0.56   27.88
 2017 365 19.852  -0.56   27.89
 2018   1 19.852  -0.56   27.90
 2018   2 19.852  -0.56   27.91
 2018   3 19.852  -0.56   27.92
 2018   4 19.851  -0.56   27.93
 2018   5 19.851  -0.56   27.95
 2018   6 19.851  -0.56   27.96
 2018   7 19.851  -0.56   27.97
 2018   8 19.851  -0.56   27.98
 2018   9 19.851  -0.56   27.99
 2018  10 19.851  -0.56   28.00
 2018  11 19.851  -0.56   28.01
 2018  12 19.851  -0.56   28.02
 2018  13 19.850  -0.56   28.03
 2018  14 19.850  -0.56   28.04
 2018  15 19.850  -0.56   28.06
 2018  16 19.850  -0.56   28.07
 2018  17 19.850  -0.56   28.08
 2018  18 19.850  -0.56   28.09
 2018  19 19.850  -0.56   28.10
 2018  20 19.850  -0.56   28.11
 2018  21 19.849  -0.56   28.12
 2018  22 19.849  -0.56   28.13
 2018  23 19.849  -0.56   28.14
 2018  24 19.849  -0.56   28.15
 2018  25 19.849  -0.56   28.17
 2018  26 19.849  -0.56   28.18
 2018  27 19.849  -0.56   28.19
 2018  28 19.849  -0.56   28.20
 2018  29 19.849  -0.56   28.21
 2018  30 19.848  -0.56   28.22
 2018  31 19.848  -0.56   28.23
 2018  32 19.848  -0.56   28.24
 2018  33 19.848  -0.56   28.25
 2018  34 19.848  -0.56   28.26
 2018  35 19.848  -0.56   28.28
 2018  36 19.848  -0.56   28.29
 2018  37 19.848  -0.56   28.30
 2018  38 19.848  -0.56   28.31
 2018  39 19.847  -0.56   28.32
 2018  40 19.847  -0.56   28.33
 2018  41 19.847  -0.56   28.34
 2018  42 19.847  -0.56   28.35
 2018  43 19.847  -0.56   28.36
 2018  44 19.847  -0.56   28.37
 2018  45 19.847  -0.56   28.39
 2018  46 19.847  -0.56   28.40
 2018  47 19.846  -0.56   28.41
 2018  48 19.846  -0.56   28.42
 2018  49 19.846  -0.56   28.43
 2018  50 19.846  -0.56   28.44
 2018  51 19.846  -0.56   28.45
 2018  52 19.846  -0.56   28.46
 2018  53 19.846  -0.56   28.47
 2018  54 19.846  -0.56   28.48
 2018  55 19.846  -0.56   28.50
 2018  56 19.845  -0.56   28.51
 2018  57 19.845  -0.56   28.52
 2018  58 19.845  -0.56   28.53
 2018  59 19.845  -0.56   28.54
 2018  60 19.845  -0.56   28.55
 2018  61 19.845  -0.56   28.56
 2018  62 19.845  -0.56   28.57
 2018  63 19.845  -0.56   28.58
 2018  64 19.844  -0.56   28.59
 2018  65 19.844  -0.56   28.61
 2018  66 19.844  -0.56   28.62
 2018  67 19.844  -0.56   28.63
 2018  68 19.844  -0.56   28.64
 2018  69 19.844  -0.56   28.65
 2018  70 19.844  -0.56   28.66
 2018  71 19.844  -0.56   28.67
 2018  72 19.844  -0.56   28.68
 2018  73 19.843  -0.56   28.69
 2018  74 19.843  -0.56   28.71
 2018  75 19.843  -0.56   28.72
 2018  76 19.843  -0.56   28.73
 2018  77 19.843  -0.56   28.74
 2018  78 19.843  -0.56   28.75
 2018  79 19.843  -0.56   28.76
 2018  80 19.843  -0.56   28.77
 2018  81 19.843  -0.56   28.78
 2018  82 19.842  -0.56   28.79
 2018  83 19.842  -0.56   28.80
 2018  84 19.842  -0.56   28.82
 2018  85 19.842  -0.56   28.83
 2018  86 19.842  -0.56   28.84
 2018  87 19.842  -0.56   28.85
 2018  88 19.842  -0.55   28.86
 2018  89 19.842  -0.55   28.87
 2018  90 19.841  -0.55   28.88
 2018  91 19.841  -0.55   28.89
 2018  92 19.841  -0.55   28.90
 2018  93 19.841  -0.55   28.91
 2018  94 19.841  -0.55   28.93
 2018  95 19.841  -0.55   28.94
 2018  96 19.841  -0.55   28.95
 2018  97 19.841  -0.55   28.96
 2018  98 19.841  -0.55   28.97
 2018  99 19.840  -0.55   28.98
 2018 100 19.840  -0.55   28.99
 2018 101 19.840  -0.55   29.00
 2018 102 19.840  -0.55   29.01
 2018 103 19.840  -0.55   29.02
 2018 104 19.840  -0.55   29.04
 2018 105 19.840  -0.55   29.05
 2018 106 19.840  -0.55   29.06
 2018 107 19.839  -0.55   29.07
 2018 108 19.839  -0.55   29.08
 2018 109 19.839  -0.55   29.09
 2018 110 19.839  -0.55   29.10
 2018 111 19.839  -0.55   29.11
 2018 112 19.839  -0.55   29.12
 2018 113 19.839  -0.55   29.13
 2018 114 19.839  -0.55   29.15
 2018 115 19.839  -0.55   29.16
 2018 116 19.838  -0.55   29.17
 2018 117 19.838  -0.55   29.18
 2018 118 19.838  -0.55   29.19
 2018 119 19.838  -0.55   29.20
 2018 120 19.838  -0.55   29.21
 2018 121 19.838  -0.55   29.22
 2018 122 19.838  -0.55   29.23
 2018 123 19.838  -0.55   29.25
 2018 124 19.837  -0.55   29.26
 2018 125 19.837  -0.55   29.27
 2018 126 19.837  -0.55   29.28
 2018 127 19.837  -0.55   29.29
 2018 128 19.837  -0.55   29.30
 2018 129 19.837  -0.55   29.31
 2018 130 19.837  -0.55   29.32
 2018 131 19.837  -0.55   29.33
 2018 132 19.837  -0.55   29.34
 2018 133 19.836  -0.55   29.36
 2018 134 19.836  -0.55   29.37
 2018 135 19.836  -0.55   29.38
 2018 136 19.836  -0.55   29.39
 2018 137 19.836  -0.55   29.40
 2018 138 19.836  -0.55   29.41
 2018 139 19.836  -0.55   29.42
 2018 140 19.836  -0.55   29.43
 2018 141 19.835  -0.55   29.44
 2018 142 19.835  -0.55   29.45
 2018 143 19.835  -0.55   29.47
 2018 144 19.835  -0.55   29.48
 2018 145 19.835  -0.55   29.49
 2018 146 19.835  -0.55   29.50
 2018 147 19.835  -0.55   29.51
 2018 148 19.835  -0.55   29.52
 2018 149 19.834  -0.55   29.53
 2018 150 19.834  -0.55   29.54
 2018 151 19.834  -0.55   29.55
 2018 152 19.834  -0.55   29.56
 2018 153 19.834  -0.55   29.58
 2018 154 19.834  -0.55   29.59
 2018 155 19.834  -0.55   29.60
 2018 156 19.834  -0.55   29.61
 2018 157 19.834  -0.55   29.62
 2018 158 19.833  -0.55   29.63
 2018 159 19.833  -0.55   29.64
 2018 160 19.833  -0.55   29.65
 2018 161 19.833  -0.55   29.66
 2018 162 19.833  -0.55   29.68
 2018 163 19.833  -0.55   29.69
 2018 164 19.833  -0.55   29.70
 2018 165 19.833  -0.55   29.71
 2018 166 19.832  -0.55   29.72
 2018 167 19.832  -0.55   29.73
 2018 168 19.832  -0.55   29.74
 2018 169 19.832  -0.55   29.75
 2018 170 19.832  -0.55   29.76
 2018 171 19.832  -0.55   29.77
 2018 172 19.832  -0.55   29.79
 2018 173 19.832  -0.55   29.80
 2018 174 19.832  -0.55   29.81
 2018 175 19.831  -0.55   29.82
 2018 176 19.831  -0.55   29.83
 2018 177 19.831  -0.55   29.84
 2018 178 19.831  -0.55   29.85
 2018 179 19.831  -0.55   29.86
 2018 180 19.831  -0.55   29.87
 2018 181 19.831  -0.55   29.88
 2018 182 19.831  -0.55   29.90
 2018 183 19.830  -0.55   29.91
 2018 184 19.830  -0.55   29.92
 2018 185 19.830  -0.54   29.93
 2018 186 19.830  -0.54   29.94
 2018 187 19.830  -0.54   29.95
 2018 188 19.830  -0.54   29.96
 2018 189 19.830  -0.54   29.97
 2018 190 19.830  -0.54   29.98
 2018 191 19.829  -0.54   30.00
 2018 192 19.829  -0.54   30.01
 2018 193 19.829  -0.54   30.02
 2018 194 19.829  -0.54   30.03
 2018 195 19.829  -0.54   30.04
 2018 196 19.829  -0.54   30.05
 2018 197 19.829  -0.54   30.06
 2018 198 19.829  -0.54   30.07
 2018 199 19.829  -0.54   30.08
 2018 200 19.828  -0.54   30.09
 2018 201 19.828  -0.54   30.11
 2018 202 19.828  -0.54   30.12
 2018 203 19.828  -0.54   30.13
 2018 204 19.828  -0.54   30.14
 2018 205 19.828  -0.54   30.15
 2018 206 19.828  -0.54   30.16
 2018 207 19.828  -0.54   30.17
 2018 208 19.827  -0.54   30.18
 2018 209 19.827  -0.54   30.19
 2018 210 19.827  -0.54   30.20
 2018 211 19.827  -0.54   30.22
 2018 212 19.827  -0.54   30.23
 2018 213 19.827  -0.54   30.24
 2018 214 19.827  -0.54   30.25
 2018 215 19.827  -0.54   30.26
 2018 216 19.826  -0.54   30.27
 2018 217 19.826  -0.54   30.28
 2018 218 19.826  -0.54   30.29
 2018 219 19.826  -0.54   30.30
 2018 220 19.826  -0.54   30.32
 2018 221 19.826  -0.54   30.33
 2018 222 19.826  -0.54   30.34
 2018 223 19.826  -0.54   30.35
 2018 224 19.825  -0.54   30.36
 2018 225 19.825  -0.54   30.37
 2018 226 19.825  -0.54   30.38
 2018 227 19.825  -0.54   30.39
 2018 228 19.825  -0.54   30.40
 2018 229 19.825  -0.54   30.41
 2018 230 19.825  -0.54   30.43
 2018 231 19.825  -0.54   30.44
 2018 232 19.825  -0.54   30.45
 2018 233 19.824  -0.54   30.46
 2018 234 19.824  -0.54   30.47
 2018 235 19.824  -0.54   30.48
 2018 236 19.824  -0.54   30.49
 2018 237 19.824  -0.54   30.50
 2018 238 19.824  -0.54   30.51
 2018 239 19.824  -0.54   30.52
 2018 240 19.824  -0.54   30.54
 2018 241 19.823  -0.54   30.55
 2018 242 19.823  -0.54   30.56
 2018 243 19.823  -0.54   30.57
 2018 244 19.823  -0.54   30.58
 2018 245 19.823  -0.54   30.59
 2018 246 19.823  -0.54   30.60
 2018 247 19.823  -0.54   30.61
 2018 248 19.823  -0.54   30.62
 2018 249 19.822  -0.54   30.64
 2018 250 19.822  -0.54   30.65
 2018 251 19.822  -0.54   30.66
 2018 252 19.822  -0.54   30.67
 2018 253 19.822  -0.54   30.68
 2018 254 19.822  -0.54   30.69
 2018 255 19.822  -0.54   30.70
 2018 256 19.822  -0.54   30.71
 2018 257 19.821  -0.54   30.72
 2018 258 19.821  -0.54   30.73
 2018 259 19.821  -0.54   30.75
 2018 260 19.821  -0.54   30.76
 2018 261 19.821  -0.54   30.77
 2018 262 19.821  -0.54   30.78
 2018 263 19.821  -0.54   30.79
 2018 264 19.821  -0.54   30.80
 2018 265 19.821  -0.54   30.81
 2018 266 19.820  -0.54   30.82
 2018 267 19.820  -0.54   30.83
 2018 268 19.820  -0.54   30.85
 2018 269 19.820  -0.54   30.86
 2018 270 19.820  -0.54   30.87
 2018 271 19.820  -0.54   30.88
 2018 272 19.820  -0.54   30.89
 2018 273 19.820  -0.54   30.90
 2018 274 19.819  -0.54   30.91
 2018 275 19.819  -0.54   30.92
 2018 276 19.819  -0.54   30.93
 2018 277 19.819  -0.54   30.94
 2018 278 19.819  -0.54   30.96
 2018 279 19.819  -0.53   30.97
 2018 280 19.819  -0.53   30.98
 2018 281 19.819  -0.53   30.99
 2018 282 19.818  -0.53   31.00
 2018 283 19.818  -0.53   31.01
 2018 284 19.818  -0.53   31.02
 2018 285 19.818  -0.53   31.03
 2018 286 19.818  -0.53   31.04
 2018 287 19.818  -0.53   31.05
 2018 288 19.818  -0.53   31.07
 2018 289 19.818  -0.53   31.08
 2018 290 19.817  -0.53   31.09
 2018 291 19.817  -0.53   31.10
 2018 292 19.817  -0.53   31.11
 2018 293 19.817  -0.53   31.12
 2018 294 19.817  -0.53   31.13
 2018 295 19.817  -0.53   31.14
 2018 296 19.817  -0.53   31.15
 2018 297 19.817  -0.53   31.17
 2018 298 19.816  -0.53   31.18
 2018 299 19.816  -0.53   31.19
 2018 300 19.816  -0.53   31.20
 2018 301 19.816  -0.53   31.21
 2018 302 19.816  -0.53   31.22
 2018 303 19.816  -0.53   31.23
 2018 304 19.816  -0.53   31.24
 2018 305 19.816  -0.53   31.25
 2018 306 19.815  -0.53   31.26
 2018 307 19.815  -0.53   31.28
 2018 308 19.815  -0.53   31.29
 2018 309 19.815  -0.53   31.30
 2018 310 19.815  -0.53   31.31
 2018 311 19.815  -0.53   31.32
 2018 312 19.815  -0.53   31.33
 2018 313 19.815  -0.53   31.34
 2018 314 19.814  -0.53   31.35
 2018 315 19.814  -0.53   31.36
 2018 316 19.814  -0.53   31.38
 2018 317 19.814  -0.53   31.39
 2018 318 19.814  -0.53   31.40
 2018 319 19.814  -0.53   31.41
 2018 320 19.814  -0.53   31.42
 2018 321 19.814  -0.53   31.43
 2018 322 19.814  -0.53   31.44
 2018 323 19.813  -0.53   31.45
 2018 324 19.813  -0.53   31.46
 2018 325 19.813  -0.53   31.47
 2018 326 19.813  -0.53   31.49
 2018 327 19.813  -0.53   31.50
 2018 328 19.813  -0.53   31.51
 2018 329 19.813  -0.53   31.52
 2018 330 19.813  -0.53   31.53
 2018 331 19.812  -0.53   31.54
 2018 332 19.812  -0.53   31.55
 2018 333 19.812  -0.53   31.56
 2018 334 19.812  -0.53   31.57
 2018 335 19.812  -0.53   31.59
 2018 336 19.812  -0.53   31.60
 2018 337 19.812  -0.53   31.61
 2018 338 19.812  -0.53   31.62
 2018 339 19.811  -0.53   31.63
 2018 340 19.811  -0.53   31.64
 2018 341 19.811  -0.53   31.65
 2018 342 19.811  -0.53   31.66
 2018 343 19.811  -0.53   31.67
 2018 344 19.811  -0.53   31.68
 2018 345 19.811  -0.53   31.70
 2018 346 19.811  -0.53   31.71
 2018 347 19.810  -0.53   31.72
 2018 348 19.810  -0.53   31.73
 2018 349 19.810  -0.53   31.74
 2018 350 19.810  -0.53   31.75
 2018 351 19.810  -0.53   31.76
 2018 352 19.810  -0.53   31.77
 2018 353 19.810  -0.53   31.78
 2018 354 19.810  -0.53   31.80
 2018 355 19.809  -0.53   31.81
 2018 356 19.809  -0.53   31.82
 2018 357 19.809  -0.53   31.83
 2018 358 19.809  -0.53   31.84
 2018 359 19.809  -0.53   31.85
 2018 360 19.809  -0.53   31.86
 2018 361 19.809  -0.53   31.87
 2018 362 19.809  -0.53   31.88
 2018 363 19.808  -0.53   31.89
 2018 364 19.808  -0.53   31.91
 2018 365 19.808  -0.53   31.92
 2019   1 19.808  -0.53   31.93
 2019   2 19.808  -0.53   31.94
 2019   3 19.808  -0.53   31.95
 2019   4 19.808  -0.53   31.96
 2019   5 19.808  -0.53   31.97
 2019   6 19.807  -0.53   31.98
 2019   7 19.807  -0.52   31.99
 2019   8 19.807  -0.52   32.01
 2019   9 19.807  -0.52   32.02
 2019  10 19.807  -0.52   32.03
 2019  11 19.807  -0.52   32.04
 2019  12 19.807  -0.52   32.05
 2019  13 19.807  -0.52   32.06
 2019  14 19.806  -0.52   32.07
 2019  15 19.806  -0.52   32.08
 2019  16 19.806  -0.52   32.09
 2019  17 19.806  -0.52   32.10
 2019  18 19.806  -0.52   32.12
 2019  19 19.806  -0.52   32.13
 2019  20 19.806  -0.52   32.14
 2019  21 19.806  -0.52   32.15
 2019  22 19.805  -0.52   32.16
 2019  23 19.805  -0.52   32.17
 2019  24 19.805  -0.52   32.18
 2019  25 19.805  -0.52   32.19
 2019  26 19.805  -0.52   32.20
 2019  27 19.805  -0.52   32.22
 2019  28 19.805  -0.52   32.23
 2019  29 19.805  -0.52   32.24
 2019  30 19.804  -0.52   32.25
 2019  31 19.804  -0.52   32.26
 2019  32 19.804  -0.52   32.27
 2019  33 19.804  -0.52   32.28
 2019  34 19.804  -0.52   32.29
 2019  35 19.804  -0.52   32.30
 2019  36 19.804  -0.52   32.32
 2019  37 19.804  -0.52   32.33
 2019  38 19.803  -0.52   32.34
 2019  39 19.803  -0.52   32.35
 2019  40 19.803  -0.52   32.36
 2019  41 19.803  -0.52   32.37
 2019  42 19.803  -0.52   32.38
 2019  43 19.803  -0.52   32.39
 2019  44 19.803  -0.52   32.40
 2019  45 19.803  -0.52   32.41
 2019  46 19.802  -0.52   32.43
 2019  47 19.802  -0.52   32.44
 2019  48 19.802  -0.52   32.45
 2019  49 19.802  -0.52   32.46
 2019  50 19.802  -0.52   32.47
 2019  51 19.802  -0.52   32.48
 2019  52 19.802  -0.52   32.49
 2019  53 19.802  -0.52   32.50
 2019  54 19.801  -0.52   32.51
 2019  55 19.801  -0.52   32.53
 2019  56 19.801  -0.52   32.54
 2019  57 19.801  -0.52   32.55
 2019  58 19.801  -0.52   32.56
 2019  59 19.801  -0.52   32.57
 2019  60 19.801  -0.52   32.58
 2019  61 19.801  -0.52   32.59
 2019  62 19.800  -0.52   32.60
 2019  63 19.800  -0.52   32.61
 2019  64 19.800  -0.52   32.62
 2019  65 19.800  -0.52   32.64
 2019  66 19.800  -0.52   32.65
 2019  67 19.800  -0.52   32.66
 2019  68 19.800  -0.52   32.67
 2019  69 19.800  -0.52   32.68
 2019  70 19.799  -0.52   32.69
 2019  71 19.799  -0.52   32.70
 2019  72 19.799  -0.52   32.71
 2019  73 19.799  -0.52   32.72
 2019  74 19.799  -0.52   32.74
 2019  75 19.799  -0.52   32.75
 2019  76 19.799  -0.52   32.76
 2019  77 19.798  -0.52   32.77
 2019  78 19.798  -0.52   32.78
 2019  79 19.798  -0.52   32.79
 2019  80 19.798  -0.52   32.80
 2019  81 19.798  -0.52   32.81
 2019  82 19.798  -0.52   32.82
 2019  83 19.798  -0.52   32.84
 2019  84 19.798  -0.52   32.85
 2019  85 19.797  -0.52   32.86
 2019  86 19.797  -0.52   32.87
 2019  87 19.797  -0.52   32.88
 2019  88 19.797  -0.52   32.89
 2019  89 19.797  -0.52   32.90
 2019  90 19.797  -0.52   32.91
 2019  91 19.797  -0.52   32.92
 2019  92 19.797  -0.52   32.93
 2019  93 19.796  -0.52   32.95
 2019  94 19.796  -0.52   32.96
 2019  95 19.796  -0.52   32.97
 2019  96 19.796  -0.52   32.98
 2019  97 19.796  -0.52   32.99
 2019  98 19.796  -0.52   33.00
 2019  99 19.796  -0.51   33.01
 2019 100 19.796  -0.51   33.02
 2019 101 19.795  -0.51   33.03
 2019 102 19.795  -0.51   33.05
 2019 103 19.795  -0.51   33.06
 2019 104 19.795  -0.51   33.07
 2019 105 19.795  -0.51   33.08
 2019 106 19.795  -0.51   33.09
 2019 107 19.795  -0.51   33.10
 2019 108 19.795  -0.51   33.11
 2019 109 19.794  -0.51   33.12
 2019 110 19.794  -0.51   33.13
 2019 111 19.794  -0.51   33.15
 2019 112 19.794  -0.51   33.16
 2019 113 19.794  -0.51   33.17
 2019 114 19.794  -0.51   33.18
 2019 115 19.794  -0.51   33.19
 2019 116 19.794  -0.51   33.20
 2019 117 19.793  -0.51   33.21
 2019 118 19.793  -0.51   33.22
 2019 119 19.793  -0.51   33.23
 2019 120 19.793  -0.51   33.24
 2019 121 19.793  -0.51   33.26
 2019 122 19.793  -0.51   33.27
 2019 123 19.793  -0.51   33.28
 2019 124 19.793  -0.51   33.29
 2019 125 19.792  -0.51   33.30
 2019 126 19.792  -0.51   33.31
 2019 127 19.792  -0.51   33.32
 2019 128 19.792  -0.51   33.33
 2019 129 19.792  -0.51   33.34
 2019 130 19.792  -0.51   33.36
 2019 131 19.792  -0.51   33.37
 2019 132 19.791  -0.51   33.38
 2019 133 19.791  -0.51   33.39
 2019 134 19.791  -0.51   33.40
 2019 135 19.791  -0.51   33.41
 2019 136 19.791  -0.51   33.42
 2019 137 19.791  -0.51   33.43
 2019 138 19.791  -0.51   33.44
 2019 139 19.791  -0.51   33.46
 2019 140 19.790  -0.51   33.47
 2019 141 19.790  -0.51   33.48
 2019 142 19.790  -0.51   33.49
 2019 143 19.790  -0.51   33.50
 2019 144 19.790  -0.51   33.51
 2019 145 19.790  -0.51   33.52
 2019 146 19.790  -0.51   33.53
 2019 147 19.790  -0.51   33.54
 2019 148 19.789  -0.51   33.55
 2019 149 19.789  -0.51   33.57
 2019 150 19.789  -0.51   33.58
 2019 151 19.789  -0.51   33.59
 2019 152 19.789  -0.51   33.60
 2019 153 19.789  -0.51   33.61
 2019 154 19.789  -0.51   33.62
 2019 155 19.789  -0.51   33.63
 2019 156 19.788  -0.51   33.64
 2019 157 19.788  -0.51   33.65
 2019 158 19.788  -0.51   33.67
 2019 159 19.788  -0.51   33.68
 2019 160 19.788  -0.51   33.69
 2019 161 19.788  -0.51   33.70
 2019 162 19.788  -0.51   33.71
 2019 163 19.787  -0.51   33.72
 2019 164 19.787  -0.51   33.73
 2019 165 19.787  -0.51   33.74
 2019 166 19.787  -0.51   33.75
 2019 167 19.787  -0.51   33.77
 2019 168 19.787  -0.51   33.78
 2019 169 19.787  -0.51   33.79
 2019 170 19.787  -0.51   33.80
 2019 171 19.786  -0.51   33.81
 2019 172 19.786  -0.51   33.82
 2019 173 19.786  -0.51   33.83
 2019 174 19.786  -0.51   33.84
 2019 175 19.786  -0.51   33.85
 2019 176 19.786  -0.51   33.87
 2019 177 19.786  -0.51   33.88
 2019 178 19.786  -0.51   33.89
 2019 179 19.785  -0.51   33.90
 2019 180 19.785  -0.51   33.91
 2019 181 19.785  -0.51   33.92
 2019 182 19.785  -0.51   33.93
 2019 183 19.785  -0.51   33.94
 2019 184 19.785  -0.51   33.95
 2019 185 19.785  -0.51   33.96
 2019 186 19.785  -0.51   33.98
 2019 187 19.784  -0.51   33.99
 2019 188 19.784  -0.51   34.00
 2019 189 19.784  -0.50   34.01
 2019 190 19.784  -0.50   34.02
 2019 191 19.784  -0.50   34.03
 2019 192 19.784  -0.50   34.04
 2019 193 19.784  -0.50   34.05
 2019 194 19.783  -0.50   34.06
 2019 195 19.783  -0.50   34.08
 2019 196 19.783  -0.50   34.09
 2019 197 19.783  -0.50   34.10
 2019 198 19.783  -0.50   34.11
 2019 199 19.783  -0.50   34.12
 2019 200 19.783  -0.50   34.13
 2019 201 19.783  -0.50   34.14
 2019 202 19.782  -0.50   34.15
 2019 203 19.782  -0.50   34.16
 2019 204 19.782  -0.50   34.18
 2019 205 19.782  -0.50   34.19
 2019 206 19.782  -0.50   34.20
 2019 207 19.782  -0.50   34.21
 2019 208 19.782  -0.50   34.22
 2019 209 19.782  -0.50   34.23
 2019 210 19.781  -0.50   34.24
 2019 211 19.781  -0.50   34.25
 2019 212 19.781  -0.50   34.26
 2019 213 19.781  -0.50   34.28
 2019 214 19.781  -0.50   34.29
 2019 215 19.781  -0.50   34.30
 2019 216 19.781  -0.50   34.31
 2019 217 19.780  -0.50   34.32
 2019 218 19.780  -0.50   34.33
 2019 219 19.780  -0.50   34.34
 2019 220 19.780  -0.50   34.35
 2019 221 19.780  -0.50   34.36
 2019 222 19.780  -0.50   34.37
 2019 223 19.780  -0.50   34.39
 2019 224 19.780  -0.50   34.40
 2019 225 19.779  -0.50   34.41
 2019 226 19.779  -0.50   34.42
 2019 227 19.779  -0.50   34.43
 2019 228 19.779  -0.50   34.44
 2019 229 19.779  -0.50   34.45
 2019 230 19.779  -0.50   34.46
 2019 231 19.779  -0.50   34.47
 2019 232 19.779  -0.50   34.49
 2019 233 19.778  -0.50   34.50
 2019 234 19.778  -0.50   34.51
 2019 235 19.778  -0.50   34.52
 2019 236 19.778  -0.50   34.53
 2019 237 19.778  -0.50   34.54
 2019 238 19.778  -0.50   34.55
 2019 239 19.778  -0.50   34.56
 2019 240 19.777  -0.50   34.57
 2019 241 19.777  -0.50   34.59
 2019 242 19.777  -0.50   34.60
 2019 243 19.777  -0.50   34.61
 2019 244 19.777  -0.50   34.62
 2019 245 19.777  -0.50   34.63
 2019 246 19.777  -0.50   34.64
 2019 247 19.777  -0.50   34.65
 2019 248 19.776  -0.50   34.66
 2019 249 19.776  -0.50   34.67
 2019 250 19.776  -0.50   34.69
 2019 251 19.776  -0.50   34.70
 2019 252 19.776  -0.50   34.71
 2019 253 19.776  -0.50   34.72
 2019 254 19.776  -0.50   34.73
 2019 255 19.776  -0.50   34.74
 2019 256 19.775  -0.50   34.75
 2019 257 19.775  -0.50   34.76
 2019 258 19.775  -0.50   34.77
 2019 259 19.775  -0.50   34.79
 2019 260 19.775  -0.50   34.80
 2019 261 19.775  -0.50   34.81
 2019 262 19.775  -0.50   34.82
 2019 263 19.774  -0.50   34.83
 2019 264 19.774  -0.50   34.84
 2019 265 19.774  -0.50   34.85
 2019 266 19.774  -0.50   34.86
 2019 267 19.774  -0.50   34.87
 2019 268 19.774  -0.50   34.89
 2019 269 19.774  -0.50   34.90
 2019 270 19.774  -0.50   34.91
 2019 271 19.773  -0.50   34.92
 2019 272 19.773  -0.50   34.93
 2019 273 19.773  -0.50   34.94
 2019 274 19.773  -0.50   34.95
 2019 275 19.773  -0.50   34.96
 2019 276 19.773  -0.50   34.97
 2019 277 19.773  -0.49   34.99
 2019 278 19.773  -0.49   35.00
 2019 279 19.772  -0.49   35.01
 2019 280 19.772  -0.49   35.02
 2019 281 19.772  -0.49   35.03
 2019 282 19.772  -0.49   35.04
 2019 283 19.772  -0.49   35.05
 2019 284 19.772  -0.49   35.06
 2019 285 19.772  -0.49   35.07
 2019 286 19.771  -0.49   35.08
 2019 287 19.771  -0.49   35.10
 2019 288 19.771  -0.49   35.11
 2019 289 19.771  -0.49   35.12
 2019 290 19.771  -0.49   35.13
 2019 291 19.771  -0.49   35.14
 2019 292 19.771  -0.49   35.15
 2019 293 19.771  -0.49   35.16
 2019 294 19.770  -0.49   35.17
 2019 295 19.770  -0.49   35.18
 2019 296 19.770  -0.49   35.20
 2019 297 19.770  -0.49   35.21
 2019 298 19.770  -0.49   35.22
 2019 299 19.770  -0.49   35.23
 2019 300 19.770  -0.49   35.24
 2019 301 19.769  -0.49   35.25
 2019 302 19.769  -0.49   35.26
 2019 303 19.769  -0.49   35.27
 2019 304 19.769  -0.49   35.28
 2019 305 19.769  -0.49   35.30
 2019 306 19.769  -0.49   35.31
 2019 307 19.769  -0.49   35.32
 2019 308 19.769  -0.49   35.33
 2019 309 19.768  -0.49   35.34
 2019 310 19.768  -0.49   35.35
 2019 311 19.768  -0.49   35.36
 2019 312 19.768  -0.49   35.37
 2019 313 19.768  -0.49   35.38
 2019 314 19.768  -0.49   35.40
 2019 315 19.768  -0.49   35.41
 2019 316 19.767  -0.49   35.42
 2019 317 19.767  -0.49   35.43
 2019 318 19.767  -0.49   35.44
 2019 319 19.767  -0.49   35.45
 2019 320 19.767  -0.49   35.46
 2019 321 19.767  -0.49   35.47
 2019 322 19.767  -0.49   35.48
 2019 323 19.767  -0.49   35.50
 2019 324 19.766  -0.49   35.51
 2019 325 19.766  -0.49   35.52
 2019 326 19.766  -0.49   35.53
 2019 327 19.766  -0.49   35.54
 2019 328 19.766  -0.49   35.55
 2019 329 19.766  -0.49   35.56
 2019 330 19.766  -0.49   35.57
 2019 331 19.765  -0.49   35.58
 2019 332 19.765  -0.49   35.60
 2019 333 19.765  -0.49   35.61
 2019 334 19.765  -0.49   35.62
 2019 335 19.765  -0.49   35.63
 2019 336 19.765  -0.49   35.64
 2019 337 19.765  -0.49   35.65
 2019 338 19.765  -0.49   35.66
 2019 339 19.764  -0.49   35.67
 2019 340 19.764  -0.49   35.68
 2019 341 19.764  -0.49   35.70
 2019 342 19.764  -0.49   35.71
 2019 343 19.764  -0.49   35.72
 2019 344 19.764  -0.49   35.73
 2019 345 19.764  -0.49   35.74
 2019 346 19.763  -0.49   35.75
 2019 347 19.763  -0.49   35.76
 2019 348 19.763  -0.49   35.77
 2019 349 19.763  -0.49   35.78
 2019 350 19.763  -0.49   35.80
 2019 351 19.763  -0.49   35.81
 2019 352 19.763  -0.49   35.82
 2019 353 19.763  -0.49   35.83
 2019 354 19.762  -0.49   35.84
 2019 355 19.762  -0.49   35.85
 2019 356 19.762  -0.49   35.86
 2019 357 19.762  -0.49   35.87
 2019 358 19.762  -0.49   35.88
 2019 359 19.762  -0.49   35.90
 2019 360 19.762  -0.49   35.91
 2019 361 19.761  -0.49   35.92
 2019 362 19.761  -0.49   35.93
 2019 363 19.761  -0.49   35.94
 2019 364 19.761  -0.48   35.95
 2019 365 19.761  -0.48   35.96