0.551757 -0.474919
0.564722 -0.459426
0.577172 -0.443685
0.589188 -0.4276
0.600826 -0.411087
0.611934 -0.394362
0.622572 -0.377343
0.632802 -0.359924
0.642487 -0.342336
0.651738 -0.324378
0.660436 -0.306282
0.668628 -0.287959
0.67636 -0.269296
0.683572 -0.250426
0.690218 -0.231481
0.696375 -0.21224
0.700999 -0.192691
0.706075 -0.173167
0.710608 -0.153509
0.714594 -0.133733
0.71801 -0.113976
0.720896 -0.0940099
0.723227 -0.0739714
0.725001 -0.0538759
0.726217 -0.033739
0.726873 -0.013576
0.72697 0.00659795
0.725508 0.0267299
0.724487 0.0468505
0.722908 0.0669349
0.720772 0.086968
0.718063 0.107059
0.714816 0.126942
0.711018 0.146727
0.706644 0.166523
0.701752 0.186066
0.69536 0.205183
0.68936 0.224518
0.682864 0.24356
0.675798 0.262531
0.668253 0.281182
0.660141 0.299731
0.651515 0.318047
0.642439 0.336001
0.631934 0.353321
0.621822 0.370828
0.611226 0.388045
0.600153 0.40496
0.588611 0.42156
0.576611 0.43783
0.564162 0.453759
0.550511 0.468686
0.537209 0.483875
0.523489 0.498686
0.509361 0.513108
0.494836 0.52713
0.47983 0.540825
0.464542 0.554012
0.448271 0.565983
0.432192 0.578355
0.415875 0.590196
0.399129 0.601648
0.382174 0.612558
0.364812 0.623054
0.347163 0.633058
0.329355 0.642503
0.310742 0.6506
0.29234 0.659074
0.273707 0.667028
0.254858 0.674454
0.235807 0.681349
0.216571 0.687705
0.197163 0.693518
0.1776 0.698784
0.157678 0.702522
0.13775 0.7067
0.11784 0.710291
0.097837 0.713322
0.0776349 0.715802
0.0574929 0.717701
0.0373054 0.719033
0.0169662 0.7198
-0.00339385 0.719992
-0.0236216 0.719612
-0.0438919 0.717659
-0.064167 0.716131
-0.0842623 0.714045
-0.104412 0.711378
-0.124485 0.708141
-0.144452 0.70434
-0.164303 0.699975
-0.18403 0.695049
-0.203603 0.68957
-0.22302 0.683537
-0.242252 0.67696
-0.261297 0.669839
-0.280127 0.662186
-0.29885 0.653949
-0.317215 0.645241
-0.335333 0.636013
-0.35329 0.626217
-0.370849 0.61598
-0.387573 0.60441
-0.404609 0.59314
-0.421219 0.581462
-0.437589 0.569245
-0.453505 0.556648
-0.469063 0.543602
-0.484332 0.530044
-0.499213 0.516052
-0.513606 0.50173
-0.52767 0.486917
-0.541223 0.471807
-0.554425 0.456221
-0.567099 0.440367
-0.580203 0.424648
-0.591978 0.408072
-0.603347 0.391067
-0.61416 0.373856
-0.624546 0.356235
-0.634427 0.338325
-0.643737 0.320257
-0.652586 0.301815
-0.660859 0.283242
-0.668646 0.264335
-0.675853 0.245322
-0.682518 0.226121
-0.688674 0.206614
-0.694241 0.187058
-0.699251 0.16736
-0.703729 0.147401
-0.707614 0.127451
-0.711924 0.10754
-0.714679 0.0873741
-0.716875 0.0670089
-0.718483 0.0467115
-0.719516 0.026384
-0.719975 0.00603548
-0.719858 -0.0143251
-0.719171 -0.0345448
-0.717907 -0.0548593
-0.716069 -0.075137
-0.71465 -0.09548
-0.711685 -0.115521
-0.708134 -0.135599
-0.704045 -0.155441
-0.69937 -0.17528
-0.694169 -0.19486
-0.688384 -0.214404
-0.682088 -0.233661
-0.67619 -0.253083
-0.668812 -0.271981
-0.660907 -0.290665
-0.652479 -0.309119
-0.643537 -0.32733
-0.634086 -0.345281
-0.624196 -0.362855
-0.613755 -0.380249
-0.603664 -0.397893
-0.592321 -0.41459
-0.580438 -0.431069
-0.568174 -0.44711
-0.555471 -0.462797
-0.54233 -0.478129
-0.528682 -0.493178
-0.51542 -0.508447
-0.50102 -0.522642
-0.486326 -0.536343
-0.471163 -0.54971
-0.455628 -0.562653
-0.439738 -0.575158
-0.42361 -0.587138
-0.407054 -0.598735
-0.390823 -0.610641
-0.373618 -0.621317
-0.356235 -0.631444
-0.338578 -0.641085
-0.320549 -0.650287
-0.302382 -0.658931
-0.283976 -0.66707
-0.265358 -0.674693
-0.246876 -0.682736
-0.227837 -0.689323
-0.208748 -0.695342
-0.189374 -0.700866
-0.169848 -0.705852
-0.150198 -0.710293
-0.13056 -0.714164
-0.110695 -0.717511
-0.0909911 -0.721283
-0.0709433 -0.72353
-0.0509637 -0.725211
-0.0308221 -0.726346
-0.0107877 -0.72692
0.00938593 -0.726939
0.029429 -0.726404
0.0494493 -0.725316
0.0695553 -0.723665
0.0894779 -0.721473
0.109339 -0.718731
0.129296 -0.716426
0.148996 -0.71259
0.16871 -0.708181
0.188175 -0.70326
0.20749 -0.697805
0.226654 -0.691818
0.245646 -0.685304
0.264444 -0.678272
0.283048 -0.670722
0.301436 -0.662661
0.319589 -0.6541
0.337615 -0.644981
0.355273 -0.635425
0.372654 -0.62539
0.389759 -0.614876
0.406567 -0.603894
0.423059 -0.592457
0.439236 -0.580565
0.455079 -0.568231
0.47057 -0.555471
0.485802 -0.5422
0.500569 -0.528597
0.51495 -0.514597
0.528945 -0.500201
0.542538 -0.485424
0.555798 -0.470184
0.568548 -0.454684
0.58087 -0.438832
0.592751 -0.422647
0.60425 -0.406038
0.615213 -0.389226
0.625712 -0.372113
0.635796 -0.354608
0.645333 -0.33694
0.654434 -0.318905
0.662976 -0.300743
0.671065 -0.282232
0.678593 -0.263619
0.685647 -0.244689
0.692133 -0.225689
0.698129 -0.206397
0.702621 -0.186691
0.707502 -0.167244
0.71187 -0.147549
0.71569 -0.12774
0.718958 -0.107833
0.721673 -0.0878431
0.723821 -0.0679155
0.725427 -0.0477986
0.726474 -0.0276522
0.726961 -0.00748449
0.726889 0.0126879
0.725258 0.0328069
0.72406 0.0530446
0.722309 0.0731147
0.720002 0.0931288
0.717141 0.11307
0.713727 0.132926
0.709738 0.152802
0.705225 0.172437
0.700168 0.191938
0.693579 0.211122
0.687454 0.230286
0.680756 0.249391
0.673574 0.268184
0.665824 0.286887
0.657554 0.305365
0.648828 0.323493
0.63866 0.341012
0.628889 0.358712
0.618628 0.376132
0.607953 0.393152
0.596739 0.409974
0.585059 0.426476
0.572923 0.442645
0.56034 0.45847
0.546565 0.473282
0.533137 0.488358
0.519205 0.503145
0.504954 0.517446
0.490309 0.531343
0.475282 0.544826
0.459787 0.557965
0.443415 0.569796
0.42723 0.582029
0.410813 0.593731
0.393969 0.605039
0.376922 0.615803
0.359472 0.62615
0.341737 0.636003
0.323843 0.645298
0.305161 0.653236
0.286687 0.661552
0.267987 0.669346
0.249075 0.676611
0.229973 0.68334
0.210683 0.689532
0.191227 0.695179
0.171619 0.700277
0.151666 0.703845
0.131703 0.707852
0.111763 0.711273
0.0917345 0.714132
0.071512 0.71644
0.0513545 0.718166
0.0310269 0.719331
0.0108042 0.719919
-0.00954953 0.719937
-0.0297733 0.719384
-0.0500261 0.717258
-0.0702875 0.715556
-0.0904855 0.713283
-0.11049 0.71046
-0.130535 0.707051
-0.150469 0.703079
-0.170289 0.698543
-0.189966 0.693451
-0.209492 0.687804
-0.228856 0.681605
-0.248031 0.674864
-0.267128 0.667535
-0.285897 0.659715
-0.30443 0.65137
-0.322727 0.642502
-0.340867 0.633065
-0.358631 0.623173
-0.375579 0.611935
-0.392835 0.601003
-0.409672 0.589655
-0.426175 0.57784
-0.44244 0.565483
-0.458247 0.552751
-0.473786 0.539492
-0.488851 0.525879
-0.503612 0.51176
-0.517877 0.497321
-0.531814 0.482388
-0.545321 0.467064
-0.558305 0.451464
-0.571717 0.436006
-0.583813 0.419671
-0.595514 0.402894
-0.606668 0.385894
-0.6174 0.368481
-0.627569 0.350882
-0.637296 0.332888
-0.646451 0.314741
-0.655143 0.296225
-0.663257 0.277581
-0.670885 0.258602
-0.677926 0.239535
-0.684466 0.220154
-0.690415 0.200718
-0.695815 0.181116
-0.700685 0.161249
-0.704963 0.141379
-0.708679 0.121389
-0.712834 0.101328
-0.715414 0.0811316
-0.717422 0.0608771
-0.718856 0.0405667
-0.719716 0.0202312
-0.72 -0.000127607
-0.719709 -0.0204793
-0.718842 -0.0408217
-0.717412 -0.0609952
-0.7154 -0.0812566
-0.713808 -0.101587
-0.710672 -0.121602
-0.706949 -0.141648
-0.702663 -0.161575
-0.697846 -0.181253
-0.692477 -0.200788
-0.686523 -0.220289
-0.680063 -0.239491
-0.673999 -0.258862
-0.66646 -0.277697
-0.658394 -0.296312
-0.649812 -0.314687
-0.640714 -0.33282
-0.63111 -0.35069
-0.621071 -0.368178
-0.610481 -0.385482
-0.60024 -0.40304
-0.588754 -0.419639
-0.576806 -0.435918
-0.56433 -0.451952
-0.551494 -0.46753
-0.538222 -0.482748
-0.524531 -0.497591
-0.511141 -0.512748
-0.496623 -0.526822
-0.481722 -0.540481
-0.466441 -0.553723
-0.450801 -0.566528
-0.434908 -0.578818
-0.418574 -0.590738
-0.402578 -0.602956
-0.385588 -0.61396
-0.368405 -0.624422
-0.350931 -0.634407
-0.333084 -0.643957
-0.315088 -0.652951
-0.29685 -0.661442
-0.278383 -0.669424
-0.26006 -0.677824
-0.241153 -0.684778
-0.22206 -0.691206
-0.202789 -0.697103
-0.183368 -0.702461
-0.163934 -0.707249
-0.144247 -0.711526
-0.12445 -0.715254
-0.104678 -0.718414
-0.0848211 -0.722035
-0.0648774 -0.724099
-0.0447613 -0.725621
-0.0247416 -0.726579
-0.00469548 -0.726985
0.0154772 -0.726835
0.0355151 -0.726132
0.0555184 -0.724877
0.0756098 -0.723058
0.0955206 -0.720697
0.115358 -0.717789
0.135288 -0.715319
0.155083 -0.71129
0.174639 -0.706743
0.194062 -0.701658
0.21333 -0.696042
0.232444 -0.689894
0.251373 -0.683224
0.270119 -0.676032
0.288659 -0.668326
0.306972 -0.660115
0.32517 -0.651344
0.343008 -0.642129
0.360585 -0.632426
0.377882 -0.622245
0.394898 -0.611588
0.411607 -0.60047
0.428009 -0.588891
0.444086 -0.576864
0.459819 -0.564402
0.475302 -0.551427
0.490328 -0.53811
0.504981 -0.524384
0.519244 -0.510264
0.533118 -0.495751
0.546586 -0.480861
0.559718 -0.46551
0.572338 -0.449903
0.584527 -0.433949
0.596343 -0.417564
0.607627 -0.400966
0.618453 -0.384057
0.628871 -0.36675
0.638746 -0.349268
0.648131 -0.331527
0.657083 -0.31341
0.665473 -0.295177
0.673407 -0.276599
0.680779 -0.257923
0.687673 -0.238935
0.694038 -0.219763
0.698873 -0.200264
0.70416 -0.180796
0.708906 -0.161189
0.71308 -0.141585
0.716734 -0.121745
0.719837 -0.101804
0.722384 -0.0817922
0.724376 -0.0617171
0.725809 -0.0415944
0.726684 -0.0214401
0.726999 -0.001269
0.726754 0.0189038
0.724951 0.0390081
0.72359 0.0591085
0.721671 0.0791636
0.719197 0.0991569
0.716148 0.1192
0.712565 0.139025
0.708433 0.158743
0.703755 0.178339
0.697539 0.197647
0.691786 0.216925
0.68546 0.236156
0.678643 0.255085
0.671256 0.273935
0.663397 0.292455
0.654972 0.310864
0.646037 0.32903
0.63572 0.346462
0.625862 0.363968
0.615455 0.381301
0.604569 0.398337
0.593211 0.415062
0.581391 0.431464
0.569116 0.447529
0.55563 0.462605
0.542497 0.477939
0.528941 0.4929
0.514972 0.507477
0.500511 0.521745
0.485747 0.535517
0.470606 0.548871
0.454999 0.561877
0.438525 0.573567
0.42234 0.585588
0.40572 0.597223
0.388889 0.608317
0.371644 0.619003
0.354105 0.629201
0.336396 0.638844
0.317873 0.647146
0.299565 0.655822
0.28102 0.663979
0.262254 0.671613
0.243281 0.678716
0.224115 0.685283
0.204773 0.69131
0.185269 0.69679
0.165619 0.70172
0.145635 0.705117
0.125646 0.708952
0.105677 0.712202
0.0856255 0.71489
0.065384 0.717025
0.0452124 0.718579
0.0248756 0.71957
0.00464853 0.719985
-0.0157046 0.719829
-0.0359229 0.719103
-0.056164 0.716803
-0.0764029 0.714929
-0.0965878 0.712483
-0.116688 0.709468
-0.136576 0.705909
-0.156475 0.701767
-0.176255 0.697062
-0.195888 0.691801
-0.215371 0.685986
-0.234798 0.679581
-0.253913 0.672673
-0.272826 0.665227
-0.291527 0.657247
-0.309988 0.648744
-0.328317 0.639663
-0.346273 0.630124
-0.363946 0.620084
-0.380907 0.608633
-0.397959 0.597623
-0.414698 0.586131
-0.431203 0.574097
-0.447259 0.561679
-0.463055 0.548729
-0.478381 0.535421
-0.493418 0.521596
-0.507969 0.507436
-0.522198 0.492781
-0.535919 0.477823
-0.549294 0.462385
-0.562225 0.446573
-0.575424 0.431102
-0.587454 0.414559
-0.598941 0.397782
-0.61001 0.380589
-0.620528 0.363188
-0.630608 0.34539
-0.640119 0.327427
-0.649174 0.309085
-0.657654 0.290606
-0.665652 0.271787
-0.673071 0.252856
-0.679991 0.233608
-0.686323 0.214294
-0.692108 0.194801
-0.697369 0.175035
-0.702038 0.155253
-0.706146 0.135347
-0.70971 0.115205
-0.713675 0.0952229
-0.716082 0.0750119
-0.717917 0.0547338
-0.719177 0.0344192
-0.719862 0.014077
-0.719973 -0.00628365
-0.719507 -0.0266321
-0.718467 -0.0469664
-0.716852 -0.067256
-0.714679 -0.0873703
-0.712912 -0.107693
-0.709583 -0.127801
-0.705712 -0.147688
-0.701255 -0.167576
-0.69627 -0.187213
-0.690735 -0.206702
-0.684615 -0.22615
-0.67799 -0.245296
-0.671761 -0.264615
-0.664061 -0.283384
-0.655837 -0.30193
-0.647095 -0.320238
-0.637842 -0.338292
-0.628149 -0.355967
-0.6179 -0.373475
-0.608004 -0.391229
-0.596841 -0.408056
-0.585141 -0.424664
-0.573058 -0.440833
-0.560523 -0.456665
-0.547471 -0.472233
-0.534075 -0.487332
-0.520257 -0.502057
-0.506739 -0.517099
-0.4921 -0.531049
-0.477084 -0.54458
-0.46179 -0.557608
-0.446038 -0.570286
-0.429944 -0.582516
-0.413609 -0.594225
-0.397408 -0.606376
-0.38043 -0.617169
-0.363046 -0.627553
-0.345494 -0.637384
-0.327676 -0.646725
-0.309605 -0.655568
-0.291296 -0.663906
-0.272763 -0.671733
-0.25437 -0.679979
-0.235406 -0.686775
-0.216259 -0.693043
-0.196947 -0.698776
-0.177483 -0.703972
-0.157881 -0.708625
-0.13828 -0.712709
-0.118451 -0.716272
-0.0986543 -0.719266
-0.0787676 -0.72272
-0.0588146 -0.724617
-0.0386791 -0.72597
-0.0186521 -0.726761
0.00152011 -0.726998
0.0215678 -0.72668
0.0415915 -0.725809
0.0617213 -0.724375
0.0816666 -0.722398
0.101557 -0.719872
0.121362 -0.716799
0.141277 -0.71416
0.161038 -0.709965
0.180555 -0.705254
0.199928 -0.700009
0.219156 -0.69423
0.238217 -0.687922
0.25709 -0.681094
0.275774 -0.673745
0.294242 -0.665887
0.312612 -0.657463
0.330617 -0.648596
0.348377 -0.639232
0.365866 -0.629386
0.383083 -0.619057
0.400009 -0.608257
0.416624 -0.596999
0.432929 -0.585283
0.448899 -0.573126
0.464533 -0.560529
0.479907 -0.547425
0.49482 -0.533982
0.509352 -0.520139
0.523502 -0.505895
0.537254 -0.491266
0.550678 -0.47617
0.563595 -0.460809
0.576088 -0.445092
0.588143 -0.429036
0.599821 -0.412552
0.610966 -0.39586
0.62165 -0.378861
0.631922 -0.361467
0.64165 -0.343903
0.650945 -0.325967
0.659683 -0.307899
0.667973 -0.289477
0.675701 -0.270946
0.682959 -0.252093
0.689651 -0.233164
0.695855 -0.213939
0.700559 -0.194282
0.705649 -0.174896
0.710232 -0.155242
0.714265 -0.135476
0.717749 -0.115606
0.720664 -0.0957758
0.723044 -0.0757431
0.724867 -0.055652
0.726132 -0.0355108
0.726838 -0.0153496
0.726984 0.00482161
0.725571 0.0249571
0.724599 0.04508
0.723069 0.0651682
0.720968 0.0853324
0.718322 0.105304
0.715124 0.125195
0.711375 0.144989
0.707049 0.164796
0.702204 0.184351
0.695859 0.203484
0.689906 0.222834
0.683457 0.241891
0.676437 0.26088
0.668938 0.279549
0.660871 0.298117
0.65229 0.316453
0.643258 0.334431
0.632795 0.351775
0.622727 0.369307
0.612172 0.386551
0.60114 0.403493
0.58964 0.42012
0.57768 0.43642
0.565268 0.45238
0.551654 0.46734
0.53839 0.482561
0.524706 0.497405
0.510613 0.511862
0.496122 0.52592
0.48115 0.539651
0.465895 0.552875
0.449653 0.564886
0.433604 0.577297
0.417316 0.589178
0.400598 0.600671
0.383667 0.611624
0.366331 0.622162
0.348713 0.632205
0.330921 0.641697
0.312328 0.64984
0.293947 0.658359
0.275333 0.666358
0.256502 0.67383
0.237469 0.680771
0.218248 0.687174
0.198855 0.693035
0.179305 0.698349
0.159392 0.702136
0.139601 0.706337
0.11958 0.71
0.0995843 0.71308
0.0795101 0.715596
0.0592439 0.717559
0.0390598 0.71894
0.0187224 0.719757
-0.00150747 0.719998
-0.0218585 0.719668
-0.0421406 0.717764
-0.0622905 0.716297
-0.0825126 0.71425
-0.102676 0.711631
-0.12275 0.708444
-0.142733 0.70469
-0.162595 0.700374
-0.182327 0.695498
-0.20192 0.690065
-0.221345 0.684081
-0.2406 0.677549
-0.259655 0.670478
-0.27851 0.662867
-0.297136 0.65473
-0.31564 0.646013
-0.333774 0.636833
-0.351648 0.62714
-0.369345 0.616883
-0.386097 0.605354
-0.40306 0.594194
-0.419793 0.582493
-0.436096 0.570389
-0.452145 0.557753
-0.46773 0.54475
-0.483037 0.531224
-0.497865 0.517354
-0.512375 0.502987
-0.526393 0.488298
-0.54007 0.473127
-0.553227 0.457672
-0.566023 0.441749
-0.579165 0.426062
-0.590977 0.409521
-0.602387 0.392544
-0.613246 0.375354
-0.623675 0.357758
-0.633538 0.339986
-0.642953 0.321826
-0.651793 0.303524
-0.660163 0.28486
-0.667954 0.266079
-0.675253 0.246971
-0.681964 0.227785
-0.68813 0.208418
-0.69378 0.188759
-0.69884 0.169066
-0.70334 0.149245
-0.707301 0.129177
-0.711658 0.109284
-0.714463 0.0891176
-0.716697 0.0688868
-0.718358 0.0485938
-0.719445 0.0282691
-0.719957 0.00791457
-0.719893 -0.0124391
-0.719253 -0.0327899
-0.718039 -0.0531074
-0.716251 -0.0733825
-0.714898 -0.0936073
-0.711965 -0.113785
-0.708464 -0.133864
-0.704423 -0.153716
-0.699795 -0.173573
-0.694642 -0.193166
-0.688941 -0.212607
-0.682656 -0.231995
-0.675868 -0.251084
-0.669474 -0.270349
-0.661614 -0.289052
-0.653232 -0.307527
-0.644333 -0.325759
-0.634926 -0.343733
-0.625083 -0.361324
-0.614684 -0.378744
-0.604637 -0.396413
-0.593331 -0.413144
-0.581488 -0.429651
-0.569268 -0.445717
-0.556598 -0.461441
-0.5435 -0.476799
-0.529972 -0.491791
-0.516659 -0.507188
-0.502294 -0.521418
-0.487633 -0.535154
-0.472503 -0.548559
-0.457 -0.56154
-0.441146 -0.574079
-0.425047 -0.586098
-0.408514 -0.59774
-0.392312 -0.609685
-0.375139 -0.6204
-0.357781 -0.630569
-0.340141 -0.640257
-0.322135 -0.649503
-0.303989 -0.658191
-0.28561 -0.666372
-0.26701 -0.67404
-0.248548 -0.682129
-0.229525 -0.688763
-0.210326 -0.694866
-0.191084 -0.700402
-0.171577 -0.705434
-0.151937 -0.709923
-0.132303 -0.713843
-0.112445 -0.717239
-0.0926283 -0.721075
-0.0727085 -0.723355
-0.05261 -0.725094
-0.0326015 -0.726269
-0.0125613 -0.726891
0.00761219 -0.72696
0.0276565 -0.726474
0.0476722 -0.725435
0.0677821 -0.723833
0.0877173 -0.721689
0.107585 -0.718995
0.127365 -0.715756
0.147378 -0.712926
0.166982 -0.708591
0.186452 -0.703719
0.205787 -0.698309
0.224965 -0.692369
0.243966 -0.685904
0.262788 -0.678916
0.281411 -0.671411
0.299931 -0.663344
0.318103 -0.654824
0.33604 -0.645802
0.353721 -0.63629
0.371127 -0.626297
0.388257 -0.615825
0.405086 -0.604888
0.421613 -0.593487
0.437818 -0.581635
0.453686 -0.569345
0.469308 -0.556537
0.484477 -0.543384
0.499278 -0.529817
0.513693 -0.515852
0.527723 -0.50149
0.541347 -0.486752
0.554644 -0.471544
0.567437 -0.45607
0.579798 -0.440248
0.591714 -0.424098
0.603253 -0.407517
0.614261 -0.390726
0.624866 -0.373532
0.634929 -0.356159
0.644506 -0.33852
0.653651 -0.320507
0.66224 -0.30236
0.670375 -0.283869
0.677948 -0.265274
0.685047 -0.246361
0.691578 -0.227384
0.697623 -0.2081
0.702163 -0.188404
0.70709 -0.168976
0.711506 -0.149292
0.715374 -0.129493
0.718692 -0.109594
0.721456 -0.0896109
0.723665 -0.0695513
0.725308 -0.0495758
0.726404 -0.029432
0.726941 -0.00926551
0.726918 0.0109117
0.725336 0.0310347
0.724187 0.0512752
0.722485 0.0713495
0.720228 0.0913688
0.717415 0.111318
0.71405 0.131182
0.710109 0.151068
0.705644 0.170713
0.700635 0.190227
0.694093 0.209427
0.688015 0.228605
0.681364 0.247727
0.674228 0.266537
0.666523 0.285259
0.658298 0.303758
0.649616 0.321907
0.639491 0.339451
0.629764 0.357174
0.619546 0.374619
0.608912 0.391665
0.597739 0.408514
0.586099 0.425045
0.574003 0.441244
0.561459 0.457099
0.547719 0.471945
0.534328 0.487055
0.520433 0.501875
0.506217 0.51621
0.491606 0.530143
0.476612 0.543663
0.461149 0.55684
0.444806 0.568711
0.428652 0.580984
0.412263 0.592726
0.395446 0.604075
0.378424 0.614882
0.360998 0.625271
0.343402 0.635105
0.325423 0.644503
0.306761 0.652487
0.288307 0.660848
0.269626 0.668687
0.250732 0.675999
0.23164 0.682777
0.212365 0.689015
0.192922 0.69471
0.173327 0.699856
0.153382 0.703473
0.133557 0.707504
0.113505 0.710997
0.0934839 0.713905
0.0733889 0.71625
0.0531066 0.718039
0.0329115 0.719247
0.0125679 0.71989
-0.00766328 0.719959
-0.028018 0.719455
-0.0482759 0.717377
-0.0685413 0.715726
-0.0886235 0.713517
-0.108757 0.710727
-0.128803 0.707369
-0.148753 0.703444
-0.168577 0.698958
-0.188274 0.693912
-0.207813 0.688313
-0.227193 0.682162
-0.246384 0.675467
-0.265378 0.668233
-0.284167 0.660462
-0.30284 0.652111
-0.321152 0.64329
-0.339213 0.633952
-0.357103 0.62405
-0.374606 0.613703
-0.391259 0.602031
-0.408226 0.590657
-0.424764 0.578878
-0.441059 0.566561
-0.456897 0.553867
-0.472468 0.540646
-0.487561 0.527075
-0.502357 0.512993
-0.516662 0.498583
-0.530635 0.483684
-0.544095 0.468492
-0.557202 0.452825
-0.570572 0.437502
-0.582787 0.421095
-0.594461 0.404447
-0.605721 0.387379
-0.616496 0.369992
-0.626711 0.352412
-0.636482 0.334442
-0.645681 0.316317
-0.654418 0.297822
-0.662575 0.279205
-0.670249 0.260245
-0.67734 0.241188
-0.683887 0.221946
-0.689923 0.202402
-0.695371 0.182813
-0.700288 0.162965
-0.704616 0.143099
-0.708379 0.123125
-0.712567 0.103189
-0.715199 0.0830057
-0.717271 0.0626274
-0.718755 0.0423278
-0.719664 0.0219874
-0.719998 0.00163638
-0.719757 -0.0187231
-0.718946 -0.0389382
-0.717558 -0.0592446
-0.715596 -0.0795108
-0.714053 -0.0998447
-0.710966 -0.119868
-0.707294 -0.139916
-0.703083 -0.159733
-0.698286 -0.17955
-0.692965 -0.199098
-0.687098 -0.218489
-0.680647 -0.237824
-0.674631 -0.25721
-0.667138 -0.276063
-0.659118 -0.294698
-0.650578 -0.3131
-0.641524 -0.331256
-0.632024 -0.349042
-0.621967 -0.366662
-0.61142 -0.383992
-0.601294 -0.401466
-0.589777 -0.418202
-0.577868 -0.434509
-0.565431 -0.450573
-0.552633 -0.466183
-0.539398 -0.481434
-0.525748 -0.496304
-0.512391 -0.511499
-0.497912 -0.525604
-0.48304 -0.539304
-0.467796 -0.552578
-0.452182 -0.565427
-0.436319 -0.577755
-0.42002 -0.589711
-0.40349 -0.601142
-0.387085 -0.613017
-0.369927 -0.623521
-0.352484 -0.633545
-0.334654 -0.643142
-0.31668 -0.65218
-0.298463 -0.660715
-0.280016 -0.668742
-0.261713 -0.677187
-0.242823 -0.684188
-0.223745 -0.690662
-0.204496 -0.696604
-0.185089 -0.70201
-0.165659 -0.706847
-0.145983 -0.711172
-0.126194 -0.714948
-0.106431 -0.718156
-0.0865826 -0.721826
-0.0666513 -0.723938
-0.0465389 -0.725509
-0.0265143 -0.726516
-0.00634588 -0.726972
0.0137037 -0.726871
0.033736 -0.726217
0.0538729 -0.725001
0.0738453 -0.72324
0.0937618 -0.720928
0.1136 -0.71807
0.133542 -0.715647
0.153347 -0.711666
0.172914 -0.707167
0.192342 -0.702131
0.211631 -0.69656
0.230753 -0.690461
0.249706 -0.683836
0.268468 -0.67669
0.287141 -0.66898
0.305473 -0.66081
0.32358 -0.652135
0.34144 -0.642964
0.359035 -0.633307
0.376363 -0.623165
0.393398 -0.612554
0.410141 -0.601472
0.426571 -0.589933
0.442671 -0.57795
0.458441 -0.565523
0.473956 -0.552585
0.489014 -0.539305
0.503695 -0.525619
0.517998 -0.511529
0.531907 -0.49705
0.545494 -0.4821
0.558576 -0.46688
0.571239 -0.451299
0.583462 -0.43538
0.595322 -0.419018
0.606647 -0.402447
0.617514 -0.385565
0.627974 -0.368283
0.637888 -0.350832
0.64738 -0.332991
0.656313 -0.315019
0.664751 -0.2968
0.67273 -0.278241
0.680191 -0.259468
0.687088 -0.240612
0.693499 -0.221455
0.69838 -0.201976
0.703715 -0.182521
0.708509 -0.162925
0.712756 -0.143204
0.716434 -0.123494
0.719585 -0.103568
0.722182 -0.0835617
0.724222 -0.0634916
0.725705 -0.0433725
0.726629 -0.0232205
0.726994 -0.00304285
0.726798 0.0171279
0.725044 0.0372367
0.723732 0.0573402
0.721862 0.0773996
0.719437 0.0973996
0.716437 0.117449
0.712902 0.137283
0.708818 0.157012
0.704189 0.176618
0.69802 0.195942
0.692314 0.215234
0.686035 0.234481
0.679265 0.253426
0.671923 0.272294
0.66411 0.290832
0.65573 0.309263
0.646839 0.327451
0.636565 0.344907
0.626749 0.362438
0.616385 0.379796
0.605541 0.396858
0.594223 0.413612
0.582443 0.430042
0.570209 0.446137
0.557529 0.461884
0.543663 0.476612
0.530144 0.491606
0.516211 0.506217
0.501875 0.520433
0.487055 0.534328
0.471946 0.547719
0.456468 0.560683
0.439925 0.572494
0.423769 0.584554
0.407178 0.59623
0.390372 0.607366
0.373153 0.618095
0.355639 0.628335
0.33796 0.638018
0.319457 0.646365
0.301171 0.655086
0.282646 0.663289
0.263899 0.670968
0.244943 0.678118
0.225794 0.684732
0.206466 0.690806
0.186975 0.696334
0.167337 0.701313
0.147362 0.704758
0.127503 0.708621
0.107415 0.711942
0.0873695 0.714679
0.0672552 0.716852
0.0469656 0.718467
0.0267608 0.719503
0.00641247 0.719971
-0.0139482 0.719865
-0.0341682 0.719189
-0.0544077 0.716938
-0.0746582 0.715113
-0.0947207 0.712733
-0.114829 0.709771
-0.134853 0.706241
-0.154762 0.702147
-0.174547 0.697491
-0.1942 0.692277
-0.21369 0.686511
-0.233017 0.680194
-0.25215 0.673336
-0.271202 0.665891
-0.289922 0.657956
-0.308404 0.649498
-0.32664 0.640521
-0.344728 0.63097
-0.362432 0.62097
-0.379311 0.609629
-0.396499 0.598592
-0.413261 0.587145
-0.429796 0.575152
-0.445887 0.562769
-0.461616 0.549941
-0.477073 0.536587
-0.492055 0.522882
-0.506725 0.508679
-0.52099 0.494059
-0.534751 0.479129
-0.548164 0.463724
-0.561053 0.448044
-0.57437 0.432504
-0.586366 0.416096
-0.597965 0.399248
-0.609015 0.38218
-0.61964 0.364701
-0.62976 0.346934
-0.639318 0.328988
-0.648418 0.310669
-0.65694 0.292216
-0.664987 0.27341
-0.672452 0.254498
-0.679377 0.235388
-0.685798 0.215968
-0.691629 0.196496
-0.696938 0.176743
-0.701657 0.156965
-0.705814 0.137069
-0.709406 0.117064
-0.71344 0.0969711
-0.715897 0.0767589
-0.71778 0.0564926
-0.719091 0.0361738
-0.719826 0.0158334
-0.719986 -0.00452692
-0.71957 -0.0248764
-0.718579 -0.045206
-0.717026 -0.0653776
-0.71489 -0.0856261
-0.713174 -0.105946
-0.709915 -0.125942
-0.70607 -0.145965
-0.70169 -0.165746
-0.696725 -0.185513
-0.691238 -0.205016
-0.685205 -0.224356
-0.678589 -0.243634
-0.672407 -0.262968
-0.664753 -0.281757
-0.656575 -0.300323
-0.647878 -0.318651
-0.638669 -0.336729
-0.629016 -0.354433
-0.61881 -0.371966
-0.608114 -0.389205
-0.597839 -0.406592
-0.586179 -0.423229
-0.574132 -0.439434
-0.56164 -0.45529
-0.548627 -0.47089
-0.535262 -0.486028
-0.521486 -0.500781
-0.507999 -0.515861
-0.4934 -0.529842
-0.478411 -0.543414
-0.463149 -0.556479
-0.447428 -0.569196
-0.431364 -0.581465
-0.415064 -0.59321
-0.398886 -0.605405
-0.381935 -0.616239
-0.364583 -0.626661
-0.347055 -0.636536
-0.329259 -0.645921
-0.311204 -0.654811
-0.292916 -0.663193
-0.274402 -0.671065
-0.256029 -0.679357
-0.237081 -0.686199
-0.21795 -0.692513
-0.198651 -0.698293
-0.1792 -0.703536
-0.15961 -0.708238
-0.140018 -0.71237
-0.120199 -0.715981
-0.100416 -0.719022
-0.0805307 -0.722526
-0.0605824 -0.724471
-0.0404576 -0.725873
-0.0204253 -0.726713
-0.000253747 -0.727
0.0197947 -0.72673
0.0398204 -0.725909
0.0599464 -0.724524
0.0799033 -0.722596
0.0997926 -0.720118
0.119613 -0.717093
0.139655 -0.714479
0.159305 -0.710356
0.178827 -0.705695
0.198219 -0.700495
0.217461 -0.694762
0.236531 -0.688504
0.255427 -0.681719
0.274123 -0.674419
0.292737 -0.66655
0.311 -0.658227
0.329033 -0.649401
0.34681 -0.640084
0.364329 -0.630276
0.381571 -0.61999
0.398517 -0.609236
0.415166 -0.598014
0.4315 -0.586338
0.447499 -0.57422
0.463259 -0.561582
0.47857 -0.548594
0.493511 -0.535193
0.508082 -0.52138
0.522266 -0.50717
0.536049 -0.492581
0.54951 -0.477518
0.562469 -0.462183
0.575 -0.446496
0.58709 -0.430476
0.598808 -0.41402
0.609998 -0.397349
0.620723 -0.380377
0.631038 -0.363008
0.640806 -0.345474
0.650144 -0.327561
0.65893 -0.309508
0.667264 -0.291106
0.675038 -0.272594
0.682342 -0.253759
0.689078 -0.234853
0.695329 -0.215643
0.700081 -0.195998
0.70522 -0.176617
0.709849 -0.156982
0.713931 -0.137226
0.717464 -0.117364
0.720428 -0.0975339
0.722857 -0.077507
0.724729 -0.0574205
0.726043 -0.0372897
0.726798 -0.0171303
0.726994 0.00304241
0.72563 0.0231841
0.724707 0.0433094
0.723226 0.0634013
0.721174 0.0835701
0.718578 0.103549
0.715428 0.123447
0.711727 0.14325
0.70745 0.163068
0.702653 0.182634
0.696354 0.201782
0.690448 0.221147
0.684046 0.24022
0.677072 0.259226
0.669619 0.277913
0.661598 0.296501
0.653061 0.314859
0.644073 0.332858
0.633653 0.350228
0.623627 0.367784
0.613115 0.385053
0.602125 0.402022
0.590738 0.418575
0.57882 0.434906
0.566451 0.450898
0.552794 0.465991
0.539567 0.481244
0.52592 0.496122
0.511863 0.510613
0.497406 0.524706
0.482561 0.53839
0.467244 0.551736
0.451656 0.564567
0.435013 0.576236
0.418755 0.588157
0.402064 0.59969
0.385164 0.610682
0.367854 0.621263
0.350361 0.631293
0.332486 0.640888
0.313913 0.649076
0.295552 0.65764
0.276958 0.665684
0.258146 0.673203
0.239129 0.68019
0.219924 0.68664
0.200545 0.692548
0.181008 0.697909
0.161111 0.701743
0.141331 0.705993
0.12144 0.709685
0.101324 0.712835
0.0812559 0.7154
0.0610017 0.717411
0.040821 0.718842
0.0204786 0.719709
0.000249393 0.72
-0.0201024 0.719719
-0.0402599 0.717872
-0.0605426 0.716446
-0.0807696 0.714449
-0.100932 0.71188
-0.121021 0.708742
-0.140886 0.705062
-0.160759 0.700798
-0.180511 0.695972
-0.200111 0.690591
-0.219559 0.684657
-0.238939 0.678137
-0.258019 0.671109
-0.276885 0.663548
-0.295537 0.655453
-0.313946 0.646837
-0.332219 0.637645
-0.35011 0.628
-0.367728 0.617849
-0.384619 0.606294
-0.401603 0.59518
-0.418272 0.583586
-0.434703 0.571452
-0.450682 0.558936
-0.466399 0.54589
-0.481643 0.532488
-0.496596 0.518572
-0.51106 0.504323
-0.5252 0.489581
-0.538909 0.474448
-0.552109 0.45902
-0.564943 0.443129
-0.578047 0.427578
-0.589976 0.410962
-0.601356 0.394121
-0.612324 0.376855
-0.622736 0.35939
-0.632707 0.34153
-0.642108 0.32351
-0.651051 0.305113
-0.659415 0.286589
-0.6673 0.267715
-0.674603 0.248739
-0.681406 0.229448
-0.68762 0.210096
-0.693318 0.190451
-0.698424 0.170777
-0.702974 0.15096
-0.70696 0.13103
-0.711389 0.11102
-0.714244 0.0908606
-0.716527 0.0706353
-0.718237 0.0503536
-0.719374 0.0300244
-0.719935 0.00967843
-0.719921 -0.0106825
-0.719331 -0.0310277
-0.718166 -0.0513553
-0.716428 -0.0716346
-0.715124 -0.0918627
-0.712242 -0.11204
-0.708813 -0.132007
-0.704796 -0.151997
-0.700248 -0.171739
-0.695113 -0.191464
-0.68946 -0.210918
-0.683261 -0.230206
-0.676479 -0.249434
-0.670132 -0.268714
-0.662317 -0.287437
-0.65398 -0.305932
-0.645126 -0.324185
-0.635825 -0.342069
-0.625963 -0.359798
-0.615607 -0.377243
-0.605669 -0.394834
-0.594337 -0.411695
-0.582612 -0.428126
-0.570353 -0.444326
-0.557722 -0.460081
-0.544661 -0.475471
-0.531171 -0.490496
-0.517271 -0.505133
-0.503658 -0.5201
-0.488943 -0.533958
-0.47384 -0.547404
-0.458374 -0.560419
-0.442545 -0.573001
-0.426476 -0.585059
-0.409977 -0.596737
-0.393805 -0.608722
-0.376652 -0.619482
-0.359318 -0.629695
-0.341708 -0.639422
-0.323718 -0.648715
-0.305594 -0.657447
-0.287235 -0.665673
-0.268654 -0.673387
-0.250211 -0.681521
-0.231205 -0.688201
-0.212021 -0.694351
-0.192792 -0.699934
-0.173298 -0.705013
-0.153669 -0.70955
-0.134051 -0.713517
-0.114195 -0.716963
-0.0943874 -0.720847
-0.0744805 -0.723175
-0.0543863 -0.724963
-0.0343735 -0.726187
-0.0142111 -0.726861
0.0058384 -0.726977
0.0258766 -0.726539
0.0460255 -0.725542
0.0660157 -0.723996
0.0859561 -0.721901
0.105824 -0.719257
0.125618 -0.716065
0.145638 -0.713284
0.165252 -0.708996
0.184734 -0.704171
0.204082 -0.698809
0.223268 -0.692918
0.242292 -0.686497
0.261131 -0.679555
0.279886 -0.672048
0.298305 -0.664077
0.316505 -0.655598
0.334464 -0.64662
0.352161 -0.637155
0.369598 -0.627201
0.386747 -0.616774
0.403609 -0.605875
0.420163 -0.594514
0.436392 -0.582706
0.452392 -0.570373
0.467949 -0.557681
0.48315 -0.544564
0.497978 -0.531038
0.512433 -0.517104
0.526493 -0.502781
0.540246 -0.487974
0.553492 -0.472896
0.566322 -0.457453
0.578717 -0.441668
0.590749 -0.42544
0.602257 -0.408988
0.613306 -0.392224
0.623953 -0.375056
0.634055 -0.357713
0.643678 -0.340092
0.652867 -0.322101
0.661501 -0.303975
0.66968 -0.285504
0.677296 -0.266934
0.684442 -0.248039
0.691063 -0.228946
0.697111 -0.209809
0.701699 -0.190124
0.706704 -0.170581
0.71114 -0.151028
0.715056 -0.131238
0.718422 -0.111348
0.721235 -0.091371
0.723493 -0.0713241
0.725185 -0.0513454
0.72633 -0.0312043
0.726916 -0.0110392
0.726943 0.00913553
0.725405 0.0293889
0.72431 0.0495055
0.722658 0.069584
0.720449 0.089609
0.717685 0.109565
0.714368 0.129436
0.710476 0.149333
0.706059 0.168988
0.701098 0.188514
0.694603 0.20773
0.688572 0.226924
0.681967 0.246061
0.674877 0.264889
0.667218 0.283629
0.659038 0.302148
0.650401 0.320319
0.641203 0.338354
0.630635 0.355635
0.620524 0.372996
0.609867 0.390177
0.598735 0.407053
0.587136 0.423612
0.575079 0.439841
0.562574 0.455726
0.548871 0.470605
0.535517 0.485747
0.521745 0.500511
0.507477 0.514972
0.4929 0.528941
0.477939 0.542497
0.462508 0.555711
0.446194 0.567622
0.430171 0.579859
0.413709 0.591717
0.397026 0.603037
0.379929 0.613953
0.362529 0.624385
0.344951 0.634266
0.326994 0.643707
0.308352 0.651736
0.289919 0.660143
0.271257 0.668028
0.252381 0.675385
0.233428 0.682167
0.214045 0.688495
0.194617 0.694237
0.175034 0.699431
0.155098 0.703096
0.135283 0.707176
0.11536 0.710698
0.0952255 0.713675
0.0751364 0.716069
0.0548586 0.717907
0.0346736 0.719165
0.0143244 0.719858
-0.00590658 0.719976
-0.0262552 0.719521
-0.0465254 0.717493
-0.0666659 0.715903
-0.0868752 0.713732
-0.107022 0.71099
-0.127076 0.707681
-0.147029 0.703806
-0.166871 0.699368
-0.186573 0.694371
-0.206133 0.688818
-0.225521 0.682716
-0.244735 0.676066
-0.263747 0.668878
-0.282555 0.661153
-0.30113 0.652902
-0.319581 0.644072
-0.337659 0.634781
-0.355473 0.62498
-0.373108 0.614615
-0.389788 0.602983
-0.406677 0.591725
-0.423344 0.579917
-0.439573 0.567714
-0.455545 0.55498
-0.47105 0.541882
-0.486274 0.528263
-0.501011 0.514307
-0.515439 0.499847
-0.529366 0.485073
-0.542951 0.469818
-0.556013 0.454283
-0.568711 0.438283
-0.581757 0.422515
-0.593468 0.405902
-0.604774 0.388856
-0.615528 0.3716
-0.625846 0.353947
-0.635604 0.336108
-0.644908 0.317892
-0.653635 0.299536
-0.661892 0.280821
-0.669567 0.261993
-0.676747 0.242847
-0.683343 0.223614
-0.689427 0.204085
-0.694921 0.184516
-0.69986 0.164793
-0.704263 0.144825
-0.708077 0.124853
-0.712312 0.104934
-0.714995 0.0847505
-0.717105 0.0645066
-0.718642 0.0442038
-0.719604 0.0238728
-0.719991 0.00351555
-0.719803 -0.0168373
-0.71904 -0.0371767
-0.717701 -0.0574936
-0.715789 -0.0777573
-0.714312 -0.0979735
-0.711256 -0.118132
-0.707633 -0.13819
-0.703471 -0.158017
-0.698723 -0.177838
-0.693451 -0.1974
-0.687631 -0.216805
-0.681268 -0.23604
-0.675257 -0.255563
-0.66781 -0.274434
-0.659836 -0.293089
-0.65134 -0.311512
-0.642331 -0.329689
-0.632877 -0.347492
-0.622864 -0.365137
-0.612359 -0.382493
-0.602271 -0.399998
-0.590795 -0.416761
-0.57893 -0.433092
-0.566534 -0.449187
-0.553768 -0.464833
-0.540576 -0.480111
-0.526958 -0.49502
-0.513643 -0.510242
-0.499193 -0.524388
-0.484359 -0.538119
-0.469143 -0.551435
-0.45356 -0.564322
-0.437728 -0.576689
-0.421458 -0.588684
-0.404962 -0.600152
-0.38858 -0.612071
-0.371448 -0.622617
-0.353921 -0.632744
-0.336229 -0.64232
-0.318277 -0.651402
-0.300074 -0.659985
-0.281646 -0.668057
-0.263365 -0.676546
-0.244491 -0.683593
-0.22543 -0.690114
-0.206195 -0.696103
-0.186801 -0.701556
-0.167384 -0.706441
-0.147718 -0.710813
-0.127938 -0.714638
-0.10819 -0.717893
-0.0883508 -0.721611
-0.0684175 -0.723773
-0.048309 -0.725393
-0.0282869 -0.726449
-0.00811965 -0.726955
0.0119229 -0.726902
0.0319639 -0.726297
0.0521038 -0.72513
0.0720804 -0.723418
0.0919953 -0.721156
0.111847 -0.718345
0.131917 -0.715948
0.15161 -0.712038
0.171181 -0.707588
0.190629 -0.702599
0.209931 -0.697075
0.229067 -0.691023
0.248036 -0.684443
0.266932 -0.677297
0.285501 -0.669682
0.30386 -0.661554
0.321987 -0.652923
0.339864 -0.643798
0.357488 -0.634181
0.374841 -0.624082
0.391902 -0.613512
0.408672 -0.602471
0.425124 -0.590976
0.44126 -0.579028
0.457156 -0.566562
0.472606 -0.55374
0.487691 -0.540501
0.502411 -0.526847
0.516748 -0.512792
0.530688 -0.498352
0.544311 -0.483435
0.557435 -0.468241
0.570131 -0.452697
0.582398 -0.436802
0.594294 -0.420475
0.605663 -0.403926
0.616568 -0.387077
0.627074 -0.369814
0.63703 -0.352387
0.646562 -0.334576
0.655543 -0.316619
0.664075 -0.298308
0.672049 -0.279882
0.679556 -0.261127
0.686496 -0.242295
0.692955 -0.223154
0.697885 -0.20368
0.703268 -0.184237
0.708109 -0.164653
0.712405 -0.144942
0.716131 -0.125241
0.71933 -0.105323
0.721976 -0.0853236
0.724065 -0.0652588
0.725597 -0.0451435
0.72657 -0.0249933
0.726984 -0.00482397
0.726838 0.015352
0.725133 0.0354649